1.200289 -3.7968025 -0.10834521 N
2.4106877 -5.8386774 -0.43474224 N
3.2519104 -6.708055 -0.73449093 N
3.5907876 -6.839894 -0.9145505 N
3.7870822 -6.642517 -1.2841332 N
3.7106185 -6.839858 -1.1537067 N
3.4805264 -6.53106 -1.1933436 N
3.117364 -6.942572 -0.8473124 N
2.9767652 -7.0720644 -0.5921042 N
3.0049093 -7.270704 -0.38802227 N
3.2051127 -7.2881813 -0.35640863 N
3.1411564 -7.417286 -0.5085943 N
3.072898 -7.4539676 -0.11925316 N
2.6808062 -7.077431 0.39994037 N
2.2900953 -6.715231 0.73344016 N
1.8521906 -6.2831674 1.1368917 N
1.5426183 -5.8357663 1.3553355 N
1.1872487 -5.5057907 1.5080485 N
0.49303478 -4.622256 1.8202308 N
-0.22457302 -3.9976265 1.9431273 N
-0.60256326 -3.6007583 2.1314166 N
-0.8793374 -3.2467883 2.1808846 N
-1.1089107 -3.0324874 2.2399101 N
-1.2654127 -3.0008194 2.3890128 N
-1.047752 -3.0919056 2.2742388 N
-1.0994762 -3.2587068 2.3789146 N
-1.1674111 -3.432982 2.3130558 N
-1.0038306 -3.7435708 2.1072698 N
-1.0032403 -3.6695776 2.298056 N
-0.88934666 -3.8057978 2.2198849 N
-0.725363 -3.6610556 2.258056 N
-0.4768494 -3.770051 2.2568324 N
-0.60451204 -3.8978534 2.203037 N
-0.6996789 -3.9910185 2.1640375 N
0.39068243 -4.351433 1.3235381 N
1.4652725 -4.238777 0.7569779 N
1.8570963 -4.3108306 0.3653574 N
2.0403705 -4.229571 0.14345028 N
2.208705 -4.401187 -0.061369505 N
2.3906024 -4.6408978 -0.10785133 N
2.5451372 -4.937656 0.010722979 N
2.6235936 -5.250668 0.14494775 N
2.742279 -5.220369 0.27577943 N
2.520764 -5.4094877 0.23577115 N
2.4265547 -5.4039063 0.17754309 N
2.5300462 -5.2151895 0.04823287 N
2.7753916 -5.1994495 0.007242205 N
3.3354633 -5.2094965 -0.3315525 N
3.546241 -4.820553 -0.38160318 N
3.6499133 -4.21104 -0.46745452 N
3.6707308 -3.7266903 -0.68210125 N
4.322836 -3.1231945 -1.0339824 N
4.7077394 -2.1625662 -1.079158 N
4.655738 -0.4349979 -1.0882226 N
4.051614 2.898385 -1.3734754 N
3.1338449 6.4152007 -1.4365492 N
2.4584618 9.614242 -1.5717765 N
2.4428875 13.823885 -1.4150997 N
2.660547 17.084019 -1.3270364 N
2.8717675 20.003874 -1.4760215 N
2.6664214 22.2869 -1.2729198 N
2.1720579 24.348457 -0.964636 N
2.1131651 26.477545 -0.6568279 N
2.0545084 27.985748 -0.36205238 N
1.8971585 28.975191 -0.2550835 N
2.1794102 29.226692 -0.37859067 N
2.5160673 29.01206 -0.3811479 N
2.8558095 28.273247 -0.24429812 N
2.9064558 27.573595 -0.40277812 N
2.9963617 26.74012 -0.6381025 N
3.4590206 24.287151 -1.1625986 N
4.024625 21.785385 -1.1755507 N
4.0101557 18.060143 -1.5043714 N
4.238385 15.189932 -1.7253319 N
4.3579855 12.481828 -2.1662042 N
4.9384556 8.090038 -2.6637964 N
5.821521 4.210755 -3.0237086 N
6.647811 0.9002466 -3.09766 N
6.8538976 -1.462977 -3.2698379 N
7.0266666 -2.9868782 -3.5903115 N
7.2342343 -5.0349183 -3.8378484 N
7.1468716 -6.179719 -4.164053 N
7.1908774 -9.120005 -4.2349095 N
7.320224 -11.374887 -4.4143443 N
7.1365995 -13.249368 -4.6381745 N
7.1405883 -14.3579035 -4.8134356 N
7.063757 -15.339251 -4.851552 N
6.9977407 -15.435678 -4.8686004 N
7.0124254 -15.591548 -4.7225337 N
7.242052 -15.352877 -4.6576495 N
7.491564 -14.954002 -4.4288144 N
7.481961 -14.953042 -4.0645747 N
7.3367887 -14.813173 -3.7599485 N
7.2170944 -14.6959305 -3.4622242 N
7.3275714 -14.513854 -3.359896 N
7.2524776 -14.27088 -3.1325817 N
7.214936 -13.448734 -2.7445529 N
7.079848 -12.884736 -2.5474846 N
6.939871 -11.932739 -2.314929 N
6.909037 -10.922353 -2.4768329 N
6.9804363 -9.700854 -2.3087928 N
6.8220367 -9.065753 -2.2729654 N
6.89568 -8.489649 -2.43179 N
7.0428762 -7.9751253 -2.7124875 N
7.072051 -8.022264 -3.0224288 N
6.8172913 -7.950476 -3.3337443 N
6.611038 -7.689219 -3.6567156 N
6.5492373 -6.8223243 -3.817341 N
6.6528177 -6.509594 -3.9965997 N
6.8509355 -5.9331875 -4.3722286 N
6.746503 -5.788513 -4.05697 N
6.2332616 -5.5109797 -3.6226032 N
6.010472 -5.173506 -2.9876354 N
6.0810566 -4.7401752 -2.6590781 N
5.8698444 -4.6098623 -2.497058 N
5.7157927 -4.7491035 -2.4483411 N
5.4700937 -4.792245 -2.4756575 N
5.336504 -4.743418 -2.4881685 N
5.3861046 -4.881303 -2.5548942 N
5.3106027 -5.1080794 -2.6227338 N
5.062944 -4.8399835 -2.471448 N
5.170582 -4.5837193 -2.4156132 N
5.013131 -4.682284 -2.50664 N
5.116421 -4.8290415 -2.600676 N
5.203261 -5.1013765 -2.7333848 N
5.320421 -4.981304 -2.7051334 N
5.302991 -5.0119667 -2.8024366 N
5.0880866 -5.280064 -2.5262575 N
4.8007607 -5.1325316 -2.2323213 N
4.6342106 -4.94578 -2.258042 N
4.6696343 -4.74593 -2.2072833 N
4.7042217 -4.7347918 -2.0673714 N
4.7468977 -4.809116 -2.0300124 N
5.11572 -5.071067 -2.3307636 N
5.5087194 -5.22349 -2.4697735 N
5.826538 -5.179306 -2.5975296 N
5.9588127 -5.258044 -2.6042888 N
5.9424167 -5.146484 -2.2737622 N
5.914641 -5.197518 -2.2438278 N
5.4938474 -5.4259157 -2.1359668 N
4.964216 -5.4434156 -2.069477 N
4.725452 -5.2682095 -2.0500872 N
4.815171 -5.04085 -2.067301 N
4.798964 -5.066469 -2.1140985 N
4.939587 -5.0386496 -2.3109653 N
5.0505605 -5.0036817 -2.2887936 N
5.1478558 -5.006679 -2.2856655 N
5.1507134 -4.9955626 -2.357244 N
5.0928483 -4.700965 -2.3131514 N
5.193803 -4.738965 -2.2752068 N
5.1125765 -4.7057 -2.323318 N
4.9465404 -4.7826424 -2.312449 N
4.863427 -4.6364565 -2.2123773 N
4.8304467 -4.7091155 -2.1742487 N
4.78003 -4.84881 -2.1356971 N
4.7451205 -5.01509 -2.134256 N
4.8913517 -4.8823485 -2.1286674 N
4.957368 -4.8973465 -2.1936705 N
5.013705 -4.8601885 -2.1381547 N
4.972105 -4.8721266 -2.1596174 N
5.0350213 -4.980776 -2.3071306 N
5.2174516 -5.168171 -2.264303 N
5.4632387 -5.2890906 -2.1937923 N
5.5812426 -5.3460083 -2.1326184 N
5.699388 -5.17429 -2.125436 N
6.0716395 -5.11602 -2.2955186 N
6.034941 -5.2085223 -2.2992373 N
5.8827486 -5.6150646 -2.2364476 N
5.6679387 -6.151792 -2.2386854 N
5.748279 -7.3627024 -2.4470112 N
5.9341106 -8.765614 -2.6792557 N
5.682628 -9.578542 -3.0116322 N
5.4470806 -10.914208 -3.12791 N
5.3397255 -12.377273 -3.0626774 N
5.092336 -13.3726015 -3.0000222 N
5.233936 -13.145261 -2.8471704 N
5.432452 -12.671933 -2.7768884 N
5.2823167 -12.282392 -2.558416 N
5.153631 -12.531541 -2.361018 N
5.412996 -12.170431 -2.5038147 N
5.1890073 -12.516945 -2.3864741 N
4.9547825 -12.731378 -2.3909543 N
4.944562 -13.357356 -2.8665528 N
4.9671965 -13.432628 -3.0687652 N
4.9797583 -12.758706 -3.1581793 N
4.940099 -12.4077425 -3.1384802 N
4.9884605 -12.198613 -2.961314 N
4.979223 -12.530755 -2.7633302 N
4.7584815 -12.509858 -2.4649963 N
4.494934 -12.630453 -2.2471292 N
4.52098 -12.382553 -2.1320412 N
4.651003 -12.160055 -1.9262867 N
4.6639876 -11.804668 -1.9112172 N
4.460849 -11.343177 -1.9889663 N
4.070003 -10.578184 -1.789052 N
4.1803465 -9.3257265 -1.5283744 N
4.413794 -8.36534 -1.2829487 N
4.711514 -7.800962 -1.2578253 N
4.9775205 -7.6652956 -1.1811119 N
5.3714414 -7.82417 -0.9892362 N
5.5667057 -7.717282 -0.9190755 N
5.7471476 -7.892045 -1.0111465 N
5.8908453 -7.6649404 -1.2833376 N
6.395389 -7.7935963 -1.702344 N
7.0129294 -8.5 -2.106243 N
7.817672 -8.996314 -2.5696924 N
8.005827 -9.837603 -2.4872475 N
7.593817 -12.153867 -2.2396715 N
6.3999696 -15.377913 -2.5867476 N
4.122766 -19.157213 -2.7997696 N
2.037097 -22.727217 -2.646382 N
0.9024724 -26.587358 -2.4637215 N
-0.36477032 -31.620337 -2.4134371 N
-1.0273275 -34.968475 -2.4936306 N
-1.6025808 -37.65848 -2.5777793 N
-2.0450563 -40.021393 -2.767365 N
-2.1324854 -41.45128 -2.9645782 N
-1.6298534 -42.821476 -3.1829705 N
-1.512292 -42.64721 -3.6412613 N
-1.5702281 -41.862316 -4.120339 N
-1.2432475 -40.995 -4.264986 N
-1.4238591 -40.08999 -4.4918175 N
-1.0460272 -37.60153 -4.2932105 N
-0.21162638 -34.993652 -4.165951 N
0.9540974 -32.126575 -3.7308857 N
1.4669634 -29.06258 -3.0865655 N
1.6384712 -27.731123 -2.8823695 N
2.2563097 -25.884066 -3.2188106 N
3.1965582 -24.366816 -3.4131544 N
4.267215 -21.19131 -2.948802 N
4.920366 -18.268492 -2.2374623 N
5.3065276 -15.182798 -1.7546966 N
5.4606533 -12.554636 -1.3363405 N
5.2490354 -10.411934 -0.99781084 N
5.2107816 -8.399456 -0.7189725 N
5.31724 -6.7519517 -0.5798501 N
4.9910975 -5.18718 -0.392551 N
4.7154727 -3.6083963 -0.2272903 N
4.3278265 -2.4907808 -0.049787305 N
4.3882146 -1.8106971 -0.010548252 N
4.4696198 -1.5220382 0.072017565 N
4.7478967 -1.4410325 0.010618719 N
4.9152036 -1.470264 0.016639872 N
5.0191326 -1.4632108 -0.022042338 N
5.237292 -1.5882739 0.0038950571 N
5.5186424 -1.8551637 0.020409632 N
5.4632425 -2.0723634 0.037945177 N
5.3181286 -2.3418236 -0.029292978 N
5.397147 -2.607465 -0.15995309 N
5.2680097 -2.8620918 -0.19336255 N
5.1998167 -3.099399 -0.42255616 N
5.1472583 -3.2216365 -0.35428947 N
5.302228 -3.3575714 -0.34500045 N
5.3736897 -2.9777896 -0.19619383 N
5.326006 -2.706963 -0.14330961 N
5.345015 -2.6587877 -0.14764626 N
5.3102684 -2.759425 -0.2742351 N
5.636041 -2.9250817 -0.49133503 N
5.623191 -3.1044695 -0.7411769 N
6.464126 -3.6254294 -0.8247851 N
7.4302335 -3.8341422 -1.0526645 N
7.545299 -3.8408403 -1.1750757 N
7.332554 -3.6923587 -1.3704671 N
6.8111906 -3.3389215 -1.4077268 N
6.4947653 -3.2757473 -1.3875628 N
6.5454555 -3.2125673 -1.3694571 N
6.536182 -3.445719 -1.2219126 N
6.6389837 -3.6978896 -1.226702 P
6.703072 -3.6894364 -1.0979402 P
7.0140934 -3.7569833 -1.1346836 P
7.299814 -3.908409 -1.14731 P
7.3030677 -4.0050883 -1.0320826 P
7.4555287 -3.9905581 -1.0869248 P
7.4888353 -4.217207 -0.9478883 P
7.6616635 -4.1991463 -0.87407035 P
7.7464833 -4.06665 -0.83292145 P
7.800444 -3.5588791 -0.68474054 P
7.8811 -3.1790066 -0.9799848 P
7.6403227 -2.922778 -1.162368 P
7.5804462 -2.4799047 -0.9156518 P
7.3422995 -1.5602114 -0.6746933 P
6.325868 0.091181956 -0.60525554 P
4.364976 3.5100608 -0.48915294 P
3.3496056 6.9903865 -0.26488766 P
2.1477702 10.773766 -0.100120045 P
1.7390326 13.999219 0.20824178 P
2.3300538 19.210327 0.20343965 P
2.64636 22.975658 0.17721263 P
2.8112652 25.428768 0.42720106 P
2.3258436 27.209402 1.0060885 P
1.706348 27.953663 1.3185502 P
1.4072702 28.569368 1.2849246 P
1.4881971 28.71455 1.4115545 P
1.7313522 28.352797 1.4129093 P
2.1911685 27.806458 1.6384308 P
1.9900674 27.096893 1.4465051 P
1.4586749 25.241398 1.3916471 P
1.6851797 22.425806 1.2542672 P
2.0861049 19.227976 1.065611 P
2.6568213 15.315036 0.2986971 P
3.8488796 10.50701 -0.3932058 P
5.013679 5.4219694 -0.98136026 P
5.8858123 1.5322652 -1.5384668 P
6.382805 -1.0940887 -2.0243406 P
6.864743 -3.271128 -2.3952873 P
7.0754776 -4.615373 -2.8703723 P
7.1235247 -5.3797398 -3.1439562 P
6.895339 -6.3662777 -3.1090465 P
6.7377563 -7.303396 -3.0640879 P
6.9938283 -7.7865267 -2.9543147 P
7.114017 -8.037847 -2.984912 P
7.3413076 -8.153772 -3.032798 P
7.5217648 -8.064327 -2.8265376 P
7.549274 -8.009821 -2.8709936 N
7.5244803 -8.073591 -2.8400853 N
7.442383 -8.4819565 -2.5781476 N
7.5299745 -8.762059 -2.4737031 N
7.6101484 -8.813622 -2.575351 N
7.3640842 -8.988754 -2.5734015 N
7.353845 -8.719444 -2.7825098 N
7.4162526 -8.628962 -2.9781396 N
7.418161 -8.701425 -2.744334 N
7.3958993 -8.872654 -2.5406168 N
7.2861834 -8.878121 -2.4047847 N
7.2230277 -8.830077 -2.2126348 N
7.2583447 -8.499694 -2.3094015 N
7.4456916 -8.49968 -2.4563718 N
7.8563375 -8.82031 -2.463382 N
8.155768 -9.049727 -2.264348 N
7.99781 -8.885587 -2.3263278 N
8.132714 -8.77324 -2.1234396 N
8.157294 -8.662574 -2.1445873 N
8.133598 -8.567121 -2.0304055 N
7.9975348 -8.30404 -2.027604 P
7.891585 -8.46856 -2.0519614 P
8.049431 -8.527998 -2.0496118 P
8.102899 -8.59865 -2.1156108 P
8.046118 -8.720742 -2.156287 P
7.8861713 -8.902669 -2.2025638 P
7.7952337 -8.766065 -2.2119484 P
7.6636615 -8.703979 -2.056382 P
7.4967694 -8.74309 -2.3167264 P
7.2307734 -8.705063 -2.4850736 P
7.284192 -8.763558 -2.680393 P
7.6337476 -8.909975 -2.7639563 P
7.8926983 -9.90691 -2.7942004 P
8.259969 -11.666394 -2.674424 P
8.3801775 -13.567189 -2.6529646 P
8.189541 -15.6297865 -3.1133485 P
6.412411 -18.925524 -3.5744853 P
4.29956 -22.479918 -4.1352086 P
1.8335094 -27.55376 -4.337355 P
-0.5664331 -32.326733 -4.0494986 P
-2.0257187 -35.563854 -3.7207923 P
-1.8841347 -37.96868 -3.2646873 P
-1.7249364 -39.593903 -2.418737 P
-2.1172318 -41.454926 -2.0757709 P
-2.1793206 -42.39904 -2.2647824 P
-1.9234508 -42.122448 -2.8014696 P
-1.9361527 -41.57024 -3.5204942 P
-1.8307174 -41.014576 -3.7066708 P
-1.1302739 -38.43918 -3.8297412 P
-0.99238545 -35.734272 -3.8824506 P
-0.8446875 -32.573692 -3.7196338 P
-0.012040727 -29.318956 -4.21176 P
1.0157572 -26.514765 -4.3015723 P
2.0155506 -23.744194 -3.9983606 P
3.0525177 -21.066021 -4.032392 P
4.068135 -18.549854 -3.8079598 P
4.945037 -14.49479 -3.066926 P
5.4080024 -10.866274 -2.426984 P
6.0386486 -7.7147555 -1.7650725 P
6.363638 -5.258158 -1.2677013 P
6.159802 -3.7839954 -0.77005744 P
5.8392997 -2.9734085 -0.44497377 P
5.6085 -2.598579 -0.45698383 P
5.561572 -2.8174202 -0.46546188 P
5.660356 -3.0692556 -0.5577385 P
5.7274704 -3.1691298 -0.67239374 P
6.0850043 -3.2327337 -0.8479841 P
6.2150645 -3.355877 -0.98240596 P
6.1823444 -3.4064612 -0.968624 P
5.995574 -4.4861546 -1.1226573 P
5.4300795 -7.873892 -1.0733343 P
4.003053 -11.419544 -0.94161034 P
2.5907426 -13.827567 -0.79701704 P
1.242166 -15.60861 -0.49948192 P
0.16844133 -16.668858 -0.22311358 P
-0.24415283 -17.361347 -0.08408693 P
-0.30310506 -17.854937 0.31097332 P
-0.2851003 -18.068512 0.43582705 P
-0.12345954 -18.493423 0.45424682 P
0.09757322 -18.207277 0.48383498 P
0.21411507 -18.159304 0.5885678 P
0.16589227 -17.931004 0.8083449 P
0.30786103 -17.828438 1.0092973 P
0.4471685 -17.793077 1.0535691 P
0.4708416 -16.859587 1.1520132 P
0.6744869 -15.508772 1.0686216 P
1.3825028 -13.554412 1.1259699 P
1.9259236 -11.474809 1.304893 P
2.6866581 -10.026989 1.2037777 P
3.2580564 -8.913695 1.1524822 P
3.6797698 -8.373882 1.1027187 P
4.2875566 -7.7806296 1.0071979 P
4.9397135 -7.485143 0.6726626 P
5.373078 -6.4647903 0.13868618 P
5.743833 -6.060484 -0.3027268 P
6.0735207 -5.169279 -0.53256166 P
5.0631866 -2.1642463 -0.1975626 P
3.8612447 1.3948836 -0.030377842 P
2.13891 7.105401 0.24241574 P
1.4337816 13.763067 -0.014030335 P
2.1293838 19.006569 -0.07885687 P
2.3654594 23.255466 -0.04577318 P
2.0846894 25.519363 -0.24292994 P
1.7155663 27.266815 -0.2713607 P
1.093731 28.07314 -0.13144276 P
1.1408553 27.75157 -0.1395855 P
1.7277701 26.295404 0.109993264 P
2.4055603 24.699793 0.18670622 P
2.0136573 21.776026 0.17653964 P
1.704836 19.271616 0.22788648 P
1.3491973 16.373484 0.10485553 P
1.9510899 11.246254 -0.39495853 P
3.8794389 6.2771893 -1.0594352 P
5.6460433 1.4289185 -1.6256578 P
6.56848 -2.0344288 -1.9968792 P
7.011119 -4.290968 -2.2240362 P
7.0811706 -6.0111547 -2.0650814 P
7.267705 -6.8490925 -1.8891325 P
7.374237 -7.108281 -1.7316746 P
7.533803 -7.105365 -1.5072885 N
7.6636505 -7.1937504 -1.3519373 N
7.662567 -7.5559354 -1.2718486 N
7.724688 -7.7111588 -1.22815 N
7.9318943 -7.8676147 -1.127242 N
8.197532 -7.9268484 -1.0516003 N
8.375878 -7.666126 -1.0918475 N
8.486429 -7.835077 -1.0477409 N
8.295011 -7.5613933 -1.048822 N
8.382238 -7.073429 -0.8862284 N
8.436861 -7.0058346 -0.86329067 N
8.397423 -6.953798 -0.9604424 N
8.242989 -6.7278485 -0.9900305 N
8.478433 -6.9159765 -1.0955523 N
8.425946 -7.259651 -1.200797 N
8.72754 -7.357067 -1.0014554 N
8.916935 -7.46722 -0.896206 N
9.057839 -7.5881963 -0.88280773 N
8.979376 -7.8211837 -1.0483204 N
8.576934 -8.131753 -1.2397287 N
8.664759 -8.782982 -1.5875129 N
8.395383 -10.117645 -1.953166 N
7.655394 -12.581967 -2.387274 N
6.1682844 -17.480398 -2.9378045 N
4.6840873 -21.186628 -3.3041558 N
3.1731915 -24.487188 -3.4022262 N
2.008815 -27.551508 -2.9142883 N
0.998591 -29.849276 -2.940985 N
0.36957914 -31.910519 -3.030019 N
-0.4211207 -33.746742 -3.12546 N
-0.88149506 -34.586185 -3.34586 N
-0.99326444 -35.0324 -3.8633423 N
-0.6108112 -33.50745 -3.923475 N
-0.32132626 -31.33158 -3.7282119 N
0.1815699 -28.351286 -3.0898798 N
1.1745769 -25.611841 -2.914205 N
2.9663854 -22.17598 -3.0177445 N
4.8569117 -16.573673 -2.5544746 N
5.832576 -11.541219 -2.02247 N
6.7632484 -7.5211225 -1.4261794 N
7.00208 -4.9983635 -0.7576652 N
7.138454 -3.420654 -0.25114036 N
6.947841 -2.493455 0.18923317 N
7.2023997 -1.9152095 0.46986815 N
7.2808003 -1.6081893 0.4891086 N
7.457447 -1.6883075 0.21135752 N
7.7182884 -1.6853769 0.0018636034 N
8.071138 -1.702051 -0.14242482 N
8.240399 -1.9569268 -0.26941514 N
8.485586 -2.1323025 -0.29857087 N
8.670837 -2.5318062 -0.35074857 N
8.740847 -2.6290524 -0.32268882 N
8.712274 -2.7151492 -0.18619905 N
8.859915 -2.7361264 -0.11053767 N
8.832302 -2.4931486 -0.010581585 N
9.028205 -2.6330762 -0.056465294 P
8.990871 -2.907997 -0.112337984 P
9.068836 -2.978002 -0.1988225 P
9.206838 -2.8411102 -0.29110515 P
9.156886 -3.0742404 -0.15516855 P
9.084349 -3.347028 -0.036359046 P
8.868083 -3.325745 -0.07064017 P
8.687459 -3.0340648 0.03457211 P
8.653444 -2.5486264 0.19099802 P
8.508173 -1.9460325 0.35250297 P
8.110838 -0.35856962 0.57194203 P
7.207353 2.9331453 0.44590113 P
6.418605 7.41152 0.4966258 P
5.8315616 12.512932 0.7838891 P
5.545225 16.706455 1.3524277 P
5.116502 19.651457 1.6905007 P
4.5262413 22.267075 1.918282 P
4.184864 23.694618 1.8798448 P
4.531386 23.974857 1.7942072 P
5.056464 23.113607 2.0211544 P
5.060785 21.981976 2.1044607 P
5.0275655 19.953611 1.9562491 P
5.325517 18.026245 1.5045542 P
6.306995 13.314494 0.63686967 P
7.336658 8.361774 -0.07369321 P
8.476756 4.4998593 -0.63742006 P
9.181603 0.32191768 -1.2894101 P
9.387577 -3.1202598 -2.0533254 P
9.37068 -6.529387 -2.8825028 P
9.075277 -8.99037 -3.1099575 P
9.059495 -10.699659 -3.4996257 P
8.915977 -12.024954 -3.951484 P
8.85574 -13.198208 -4.045177 P
8.768167 -13.9121895 -3.766042 P
8.858719 -14.13985 -3.5640497 P
8.969294 -14.131945 -3.3615656 P
9.17968 -14.695515 -3.3657281 P
9.331805 -14.9753895 -3.390381 P
9.365501 -14.962093 -3.3690066 P
9.169286 -15.151478 -3.2772162 P
9.322141 -14.804315 -3.274907 P
9.598026 -14.094505 -3.0905645 P
9.682448 -13.47334 -2.7864375 P
9.602749 -13.201552 -2.5569062 P
9.479473 -13.246118 -2.4358864 P
9.243459 -12.986992 -2.118884 P
9.2142515 -12.536378 -1.9604638 P
9.2254095 -12.547069 -1.9690297 P
9.424072 -12.193405 -1.9586852 P
9.371851 -11.67827 -1.8672262 P
9.0689945 -10.878689 -1.6494195 P
8.915242 -9.723517 -1.6595857 P
9.036874 -7.1157923 -1.309086 P
9.089693 -4.769938 -1.0560346 P
9.320425 -2.440016 -0.7237278 P
8.812055 1.1794763 -0.451025 P
7.9657383 5.0136266 -0.14040056 P
5.9608984 11.236629 0.8906181 P
4.62076 16.58946 1.7991284 P
3.2218804 20.749294 2.4137847 P
2.2949967 24.432446 2.9516332 P
1.6836464 26.30365 3.0129187 P
0.9827208 27.019676 2.7594955 P
0.29123873 27.265034 2.8599045 P
-0.09427611 26.964457 2.9635322 P
-0.61441916 25.817886 2.81724 P
-1.0482378 23.402958 3.0286877 P
-1.0281066 20.797577 3.04297 P
-0.48756745 16.611715 3.2200267 P
1.5073161 10.816339 2.6478078 P
3.4731016 6.2506266 1.6534128 P
5.6989784 1.5122591 0.75165147 P
6.8475294 -2.0911326 -0.14904547 P
7.8437605 -5.4015565 -0.6945851 P
8.616359 -7.221898 -0.9184329 P
9.216111 -8.165191 -0.73356694 P
9.582589 -8.486324 -0.58228064 P
9.853509 -8.732615 -0.6249031 P
9.86349 -8.51641 -0.5423878 P
9.77645 -7.9231744 -0.243197 P
9.785412 -7.4984727 -0.1256854 P
10.039653 -7.443711 0.028267127 P
10.141272 -7.38063 0.1706347 P
10.014752 -7.204847 0.334099 P
9.976014 -7.3983283 0.42990085 P
9.929375 -7.204543 0.42182505 P
9.989142 -7.198552 0.38978383 P
9.821508 -7.2437377 0.31935447 P
9.802909 -7.283963 0.32184044 P
10.025639 -7.303342 0.40789238 P
10.092429 -7.1763296 0.37664038 P
10.0372095 -7.166624 0.51484483 P
10.167407 -7.1055493 0.45895007 P
10.300868 -7.0972877 0.33895695 P
10.305904 -7.083 0.29141837 P
10.249409 -7.2708488 0.21622574 P
10.363291 -7.042715 -0.10752678 P
10.277939 -6.4842916 -0.29331142 P
10.610752 -4.567763 -0.069932885 P
10.254597 -2.299098 0.64197016 P
9.616437 0.11605223 1.316434 P
7.88893 4.8140936 1.9799718 P
6.328356 10.15369 2.2451324 P
5.3403263 16.924711 2.296086 P
4.8612375 22.316492 2.154488 P
5.0766826 26.018505 2.2981863 P
5.1182117 27.575926 2.0378182 P
4.986623 28.083063 1.68625 P
4.908956 27.708832 1.2744895 P
4.964588 26.71388 0.9509223 P
5.314535 24.9953 0.6615608 P
5.961053 20.78316 0.7612934 P
7.3396935 16.307507 0.8294351 P
9.27939 10.102472 0.8365879 P
10.764928 4.724964 0.69315726 P
11.683026 0.44346553 0.5673283 P
11.675628 -3.358022 -0.29607633 P
11.456327 -6.003263 -1.3783925 P
11.38998 -8.060153 -2.0811594 P
11.158868 -9.014227 -2.367558 P
11.130781 -9.201395 -2.3651783 P
10.860629 -9.090205 -2.103388 P
10.782353 -8.82329 -2.0313287 P
10.279994 -8.39626 -1.9262775 P
9.919262 -8.185182 -1.9144651 P
9.701681 -8.138827 -1.7365876 P
9.693415 -8.12253 -1.5865337 P
9.82629 -8.276552 -1.7474512 P
9.820832 -7.967933 -1.7367325 P
9.661981 -8.013915 -1.771266 P
9.650145 -7.9818873 -1.8589313 P
9.79944 -7.7478027 -1.7915555 P
9.992658 -7.4300594 -1.7042806 P
9.955923 -7.2976975 -1.7051492 P
9.994939 -7.0251036 -1.7059358 P
10.006157 -6.840343 -1.7605052 P
9.869474 -6.945089 -1.8098025 P
9.8372 -7.0191646 -1.7708045 P
9.794847 -7.053891 -1.8202826 P
9.9748745 -7.196788 -1.9783616 P
10.266017 -7.3673453 -2.111495 P
10.366491 -7.7395 -2.361981 P
10.719501 -8.5831175 -2.661532 P
11.292333 -11.479066 -2.6642077 P
10.805759 -14.652914 -2.6744907 P
7.9108114 -20.032728 -2.7839541 P
4.205664 -25.262054 -2.3579705 P
1.0586298 -30.22143 -2.0781295 P
-1.1044413 -35.90509 -2.0421023 P
-2.2528863 -39.01177 -1.8007182 P
-2.041873 -40.753048 -2.2175746 P
-1.6778123 -41.163403 -2.6528099 P
-1.11981 -40.996338 -3.1569686 P
-0.7597587 -39.97613 -3.0980039 P
-1.5693 -38.780796 -1.8305305 P
-0.3227172 -33.49616 -1.8069347 P
1.904107 -27.520569 -2.398394 P
4.5575547 -21.076044 -2.669503 P
6.8186975 -13.782444 -2.538231 P
8.122821 -8.230295 -2.5481086 P
8.375391 -5.1755958 -2.06156 P
8.657501 -3.7729502 -1.7280567 P
8.765411 -3.164041 -1.6008506 P
8.591758 -3.0447047 -1.5282384 P
8.544401 -3.1187 -1.4409653 P
8.61275 -3.000266 -1.4167769 P
8.684212 -2.7169533 -1.4832724 P
8.75403 -2.8273575 -1.3605311 P
8.786695 -3.3681471 -1.5179046 P
8.810474 -3.659547 -1.46171 P
8.760342 -3.8766594 -1.3348414 P
8.73026 -4.031377 -1.419885 P
8.86614 -4.0776863 -1.4825243 P
8.939964 -3.8824956 -1.4338516 P
8.87687 -3.8296437 -1.2329491 P
8.928934 -3.9480913 -1.1960175 P
9.02264 -3.9051814 -1.1583568 P
9.075382 -3.667734 -1.167295 P
9.119992 -3.538163 -1.1337941 P
9.139685 -3.3527212 -1.0707825 P
9.254583 -3.3551896 -1.0676279 P
9.269593 -3.447597 -1.0968225 P
9.420315 -3.710912 -1.1434494 P
9.364993 -3.8753467 -0.9901398 P
9.549536 -3.8412917 -0.92974025 P
9.540516 -3.2926257 -1.010438 P
9.453339 -2.4232738 -0.9072394 P
9.206123 -1.7578512 -0.33727792 P
8.696209 -0.5585397 0.19142114 P
6.521241 2.2959263 1.0890807 P
4.253537 6.070944 2.0728047 P
2.2347417 13.206406 2.4582045 P
1.1910502 20.031332 2.356574 P
0.81485194 24.703016 2.3267417 P
1.3289404 27.005228 2.5519636 P
1.7151865 27.543985 2.340687 P
2.3638651 27.58814 2.1691456 P
2.6814687 26.897774 1.88066 P
3.3306024 26.100883 1.6941322 P
3.3426898 23.282557 1.397833 P
2.975352 19.636003 1.1793634 P
3.2589405 13.433244 0.77116215 P
4.679846 6.9576006 0.5462046 P
6.4568963 1.4884946 0.3913052 P
7.4914913 -2.7674153 -0.8190996 P
8.056965 -5.590694 -1.6685818 P
8.290916 -7.2067456 -1.7728333 P
8.441386 -7.696936 -1.8415215 P
8.572971 -7.6387444 -1.7612618 N
8.39346 -7.4558954 -1.539585 N
8.339557 -7.292022 -1.3829652 N
8.293336 -6.9861827 -1.2139207 N
8.237176 -6.962929 -1.1257465 N
8.34401 -7.0691953 -1.0153284 N
8.561521 -7.024021 -0.9476762 N
8.568293 -7.1578503 -0.7888531 N
8.65731 -7.061978 -0.815174 N
8.386897 -7.0302563 -0.6223002 N
8.100106 -6.949208 -0.74067307 P
7.9044843 -6.9824715 -0.84551674 P
8.329793 -7.0842557 -1.024021 P
8.333502 -7.227043 -1.0543035 P
8.579422 -7.306295 -1.0388521 P
8.526849 -7.0931892 -1.0933954 P
8.826514 -7.190895 -0.97523195 P
8.781884 -7.328664 -0.8958667 P
8.825739 -7.750635 -0.95964 P
8.920139 -8.45188 -1.2808506 P
9.178194 -9.642915 -2.0112717 P
8.614085 -12.902454 -2.8899436 P
7.8143854 -16.799536 -3.338103 P
7.0221095 -19.782093 -3.4117959 P
5.909213 -23.159828 -3.6305406 P
4.615323 -25.876055 -3.7310467 P
2.7981248 -29.80189 -3.655758 P
1.5508026 -32.723965 -3.9363685 P
0.9491109 -34.380993 -4.0819964 P
0.4477848 -35.335175 -4.179694 P
-0.050843637 -35.70115 -4.1017084 P
-0.108057044 -35.740543 -4.0412025 P
-0.07966668 -35.159466 -4.009758 P
-0.008937532 -33.697357 -3.6056542 P
1.6532341 -29.851147 -3.0668962 P
2.8893294 -26.226513 -3.077414 P
4.367533 -22.602783 -3.0796576 P
6.0349226 -18.64331 -2.8138936 P
7.29054 -14.732595 -2.212516 P
8.312203 -10.339862 -1.5013007 P
8.706766 -7.12478 -0.8208371 P
8.965015 -4.5340877 -0.27653748 P
8.99255 -2.7572958 0.42910957 P
8.957847 -1.6957223 0.96641576 P
8.906209 -1.1185601 1.1810708 P
8.83673 -0.9271728 1.2497475 P
8.752142 -0.94882315 1.2633055 P
8.765264 -1.0650117 1.0457287 P
8.772087 -1.3279841 0.9180684 P
8.839602 -1.4282426 0.8334187 P
9.040192 -1.4651269 0.66889155 P
9.040581 -1.4364843 0.6053383 P
8.9246025 -1.6220548 0.67058575 P
9.007074 -1.8078719 0.71317214 P
9.018781 -1.906643 0.82993793 P
8.871154 -1.7501237 0.7417988 P
8.96464 -1.932344 0.6961802 P
8.89625 -1.8876091 0.65051144 P
8.895456 -1.8234773 0.65494645 P
8.963286 -1.8366256 0.7410216 P
9.01492 -1.8348511 0.85720307 P
9.0912485 -1.7604127 0.8933636 P
9.279512 -1.6575764 0.927088 P
9.290128 -1.9278296 0.9791258 P
9.170893 -1.8841702 0.9797399 P
9.088471 -1.8167338 0.9449339 P
9.22187 -1.3013365 0.939308 P
8.935183 -0.39848682 0.7491757 P
7.736558 1.7635388 1.2743646 P
6.7802 3.824842 2.2157328 P
6.109554 8.594397 2.4402065 P
5.766331 13.318849 2.2679079 P
5.8253856 17.170444 2.2141817 P
5.4442735 21.028095 2.3091254 P
5.321817 24.407368 2.397034 P
5.0347214 26.63129 2.3072526 P
4.7253604 27.870163 2.156874 P
4.298988 28.191538 1.8106666 P
4.3623066 27.659616 1.847573 P
4.785608 26.55458 2.1131532 P
4.3935394 24.464676 2.230621 P
4.353101 21.917803 2.5383344 P
4.4191823 19.027645 2.987768 P
5.210879 13.860459 2.6159241 P
6.5328956 9.324476 1.2536905 P
8.015145 4.4586596 0.1891974 P
8.771936 0.7818813 -0.32795703 P
8.930176 -2.0457687 -0.7308084 P
8.936231 -4.5145574 -1.0998465 P
8.997949 -6.2759266 -1.2174789 P
9.154544 -7.497934 -1.1527424 P
9.254132 -8.37068 -1.0422257 P
9.472453 -8.857235 -1.1914716 P
9.6677475 -9.633254 -1.3745708 P
9.742021 -9.973121 -1.5175011 P
9.730158 -10.404976 -1.5085955 N
9.76906 -10.591183 -1.4223592 N
9.849051 -10.437168 -1.3561424 N
9.913088 -10.363811 -1.3022895 N
9.859686 -10.364775 -1.2110076 N
9.9470005 -10.50116 -1.3032293 N
9.859506 -10.205587 -1.2484539 N
9.764941 -9.683724 -1.2357608 N
9.670903 -9.247463 -1.2654879 N
9.951566 -9.421297 -1.4305807 P
10.137616 -9.597912 -1.598436 P
10.0530615 -9.889139 -1.6977842 P
9.901504 -10.7636795 -1.7486838 P
9.9513645 -11.386541 -1.8538473 P
9.76442 -13.291243 -2.1097717 P
9.47028 -15.570543 -2.491062 P
8.817532 -18.496113 -2.7391791 P
7.4046464 -21.502012 -2.9305477 P
5.770744 -23.524652 -3.0836415 P
4.144136 -26.07213 -3.3569095 P
2.757995 -28.22802 -3.311646 P
1.4866997 -30.51188 -3.8247283 P
0.15107884 -33.885662 -3.7966914 P
-0.51452774 -36.615677 -3.7337096 P
-0.81172234 -38.500286 -3.7256708 P
-0.9260474 -39.16193 -3.7912369 P
-0.9108589 -39.41614 -3.737494 P
-0.66963947 -39.383335 -3.5394652 P
-0.404489 -38.701385 -3.3037953 P
-0.19728075 -37.11277 -3.1190739 P
-0.1569202 -35.280193 -3.0627403 P
0.34867117 -33.63215 -2.8493764 P
1.6279715 -30.740532 -2.6462266 P
2.9430017 -28.291908 -2.7784016 P
4.352982 -24.896528 -2.5526414 P
5.5867414 -21.705893 -2.5833542 P
6.7506976 -17.822329 -2.5821748 P
7.57381 -11.639142 -1.8499819 P
7.911765 -7.0616884 -1.0669978 P
8.134949 -3.4193363 -0.4808463 P
8.023535 -1.1191736 -0.011529548 P
7.889332 0.2652187 0.12575215 P
7.5692964 1.13821 0.21902004 P
7.251176 1.5373648 0.29982257 N
7.200322 1.6453043 0.4129579 N
6.8515935 1.3161914 0.48452944 N
6.794514 0.91945815 0.43431753 N
6.9851947 0.6767045 0.46910316 N
7.2794347 0.10351017 0.41336545 N
7.438756 -0.22088285 0.43852317 N
7.5453787 -0.15509601 0.33235508 N
7.704687 -0.27965677 0.4105851 N
7.943801 -0.24081917 0.48722717 N
8.008063 -0.41989854 0.46753827 N
8.123912 -0.6804829 0.32055765 N
8.325114 -0.86612004 0.30853683 N
8.4292555 -0.92333543 0.21992819 N
8.574311 -0.94583035 0.2309853 N
8.424664 -1.4741038 0.14648153 N
8.410791 -1.7439615 -0.11560784 N
8.495626 -1.8506856 -0.26357436 N
8.5050535 -1.0292131 0.043902855 N
8.080771 0.3378683 0.42501652 N
6.724218 2.6907332 1.2848055 N
5.2052703 5.9340515 2.5628667 N
3.5020366 11.053784 2.7932703 N
3.6346302 16.433956 2.6513524 N
3.6814215 20.537132 2.5069232 N
3.2828357 23.42857 2.4264772 N
2.618289 25.367598 2.239582 N
2.2084498 27.065063 2.1096883 N
1.6629846 27.911226 2.1455524 N
1.3998643 27.747482 2.203252 N
1.7460289 26.619314 2.2860198 N
1.9433571 25.817368 2.1331525 N
1.623437 23.450432 2.0040588 N
1.4693668 20.208546 2.0624352 N
1.5233587 17.088057 2.466989 N
2.3938801 12.216586 2.3845954 N
3.574468 6.9554386 2.5662777 N
5.553553 2.3661387 2.1565094 N
6.8144126 -1.1700562 1.5871868 N
7.2961984 -3.6558568 0.87391543 N
7.7842503 -5.7998714 0.21254645 N
8.351955 -6.7413344 -0.10255404 N
8.557404 -7.458545 -0.47947797 N
8.754504 -8.156192 -0.5753579 N
8.872041 -8.367453 -0.39230195 N
9.1088505 -8.67164 -0.31746617 N
9.2478 -8.814175 -0.20239079 N
9.43076 -8.7910795 -0.017413946 N
9.643718 -8.815504 0.10524654 N
9.547844 -8.425122 0.074659064 N
9.475596 -8.104714 0.04114992 N
9.481609 -7.6629295 0.1565548 N
9.636114 -7.0870605 0.26795983 N
9.639663 -6.644646 0.38566065 N
9.7108965 -6.482792 0.4085071 N
9.787309 -6.457804 0.295017 N
9.742593 -6.4548244 0.18113771 N
9.577625 -6.4391727 -0.0022465314 N
9.653291 -6.5181327 -0.12411212 N
9.716435 -6.4170976 -0.23973724 N
9.653145 -6.489153 -0.08269108 N
9.653573 -6.480764 -0.036008384 N
9.6704645 -6.5278783 -0.06699444 N
9.748774 -6.4518495 0.0047538145 N
9.743765 -6.4455247 -0.08143898 P
9.844989 -6.284157 -0.030376777 P
9.830516 -6.334143 -0.05884257 P
9.908053 -6.615336 0.0503246 P
9.830527 -6.460277 -0.039933972 P
9.830359 -6.3362565 -0.17850268 P
9.7255745 -6.2668085 -0.25375342 P
9.636186 -6.1451592 -0.29143408 P
9.658838 -6.7479486 -0.7159112 P
10.351896 -7.8817163 -0.8271531 P
11.038394 -10.069219 -0.7640211 P
10.713253 -13.612467 -0.943433 P
9.433483 -17.386215 -1.4183362 P
6.6793346 -22.820007 -2.1490362 P
4.2604294 -27.089117 -2.824568 P
2.005735 -31.429993 -2.4204793 P
0.6869684 -34.966908 -2.30708 P
0.32152608 -37.236286 -2.2894607 P
0.10938431 -38.452442 -2.416978 P
-0.14594437 -39.44906 -2.5562372 P
-0.2489515 -39.672455 -2.8263454 P
-0.12743211 -39.25335 -2.752947 P
0.022095473 -37.83617 -2.3439105 P
1.3532293 -33.444458 -2.1948767 P
2.7153785 -29.048048 -2.7236009 P
4.486686 -24.876638 -2.773196 P
6.1195455 -20.999825 -2.4923577 P
7.64237 -16.683586 -1.7492186 P
8.558212 -12.461032 -1.0579755 P
8.985206 -9.579382 -0.3929206 P
8.957586 -7.4641695 0.08058775 P
9.044825 -6.3091435 0.24315174 P
8.892679 -5.5625677 0.52633303 P
8.741409 -4.8148785 0.81763804 P
8.351375 -3.9784672 1.0038089 P
7.9635797 -3.767659 0.935246 P
7.8811045 -3.7354183 0.82186645 P
7.773265 -3.9308033 0.74363744 N
7.727467 -4.019355 0.6678786 N
7.802277 -4.1377363 0.6369609 N
7.9361267 -4.2117352 0.63869363 N
8.099128 -4.088561 0.6761378 N
7.9724855 -3.986782 0.57368034 N
8.063005 -3.9724295 0.5196712 N
7.9646997 -4.020274 0.58015406 N
7.8864846 -3.9362848 0.56151885 N
7.990103 -3.628124 0.6482711 N
8.221793 -3.7299469 0.6614778 N
8.516999 -3.5366516 0.6470369 N
8.711401 -2.9324524 0.7279372 N
7.733387 -0.8469705 0.8247744 N
6.778228 2.1690671 1.1939157 N
5.1205106 6.9261613 2.0570846 N
3.7567496 12.421339 2.4550874 N
2.549795 18.69045 2.5906093 N
2.1143444 23.596832 2.2328281 N
2.4720113 26.66235 2.0175695 N
2.7851574 27.675745 1.8074491 N
3.039043 28.015133 1.8483106 N
2.8394651 27.045225 2.030721 N
2.7769382 25.900887 1.9698844 N
3.093936 23.852509 1.9122874 N
3.5753536 20.015871 1.5381218 N
4.623849 14.021428 0.72058886 N
6.4051795 7.1403065 0.004580414 N
7.7784057 1.790791 -0.4854776 N
8.456145 -2.0668435 -0.95430243 N
8.408495 -5.6515036 -1.8050815 N
8.2156315 -7.943758 -2.3604457 N
8.258499 -9.414756 -2.5191681 N
8.482975 -9.726502 -2.7642484 N
8.6146555 -10.18439 -2.4612997 N
8.749472 -10.123659 -2.4100592 N
8.56063 -10.157892 -2.4567404 N
8.415492 -10.582934 -2.5412714 N
8.380191 -11.215242 -2.6827612 N
8.5469 -11.74057 -2.7688246 N
8.534292 -11.63029 -2.92511 N
8.545168 -11.7158985 -3.0225294 N
8.516857 -12.445727 -2.8673491 N
8.375537 -12.477106 -3.0271115 N
8.481274 -12.691982 -3.1307313 N
8.481294 -12.700086 -3.0338686 P
8.602061 -13.010715 -2.887067 P
8.61889 -13.187916 -2.6764002 P
8.49243 -13.140771 -2.3186278 P
8.370513 -12.811027 -2.1818967 P
8.080229 -12.623132 -1.9616501 P
7.950208 -12.281727 -1.6878496 P
7.800841 -11.45681 -1.5666568 P
8.078869 -10.25384 -1.4363127 P
8.3012295 -8.752877 -0.9722554 P
8.487598 -6.5011525 -0.7352996 P
7.9025865 -3.169724 -0.18371478 P
6.7085137 0.7576464 0.45724803 P
5.1261044 6.474482 1.3734833 P
3.9532783 12.235175 1.9234103 P
3.1339204 17.182148 2.5204322 P
3.0887585 21.51521 2.5287952 P
2.6222906 24.34086 2.1962495 P
2.2502851 26.739147 1.8893648 P
1.9342792 27.444248 1.3975135 P
2.0071836 27.376719 1.0132668 P
2.0739832 27.811829 0.87068105 P
2.487838 26.891539 0.8946429 P
3.3335154 23.77664 0.57981986 P
4.6017423 19.55125 0.790867 P
5.074456 14.093062 0.9548235 P
6.2758613 7.9729395 0.091014564 P
7.498875 2.4074407 -0.7004328 P
8.26013 -3.1063566 -1.755071 P
8.545383 -7.275355 -2.5281117 P
8.547383 -10.681546 -3.2624624 P
8.646449 -13.829829 -3.879392 P
8.462975 -15.762329 -3.8682177 P
8.386375 -16.387487 -3.6356957 P
8.446913 -16.86903 -3.548386 P
8.612703 -16.770803 -3.5154502 N
8.841568 -16.737509 -3.5167508 N
8.902039 -16.77598 -3.385776 N
8.932538 -16.74332 -3.2885194 N
9.139946 -17.074251 -3.1825879 N
9.015517 -17.313387 -3.107563 N
9.0727 -17.076529 -2.6115646 N
9.043899 -16.831127 -2.430961 N
9.199367 -16.28837 -2.4442074 N
9.311797 -15.74288 -2.1243525 N
9.392493 -15.537351 -1.6900342 N
9.399805 -15.392067 -1.4723488 N
9.513759 -15.122778 -1.5959897 N
9.514867 -15.0091 -1.5351489 N
9.478268 -14.856732 -1.5119023 N
9.604027 -14.5253525 -1.9133794 N
9.718461 -14.805641 -1.7565231 N
9.992153 -15.775009 -1.6600218 N
10.192583 -16.81788 -1.5562643 N
10.147475 -18.63698 -1.944184 N
9.795422 -20.59834 -2.231505 N
8.197144 -22.860847 -2.9772296 N
6.649613 -25.853817 -3.7176318 N
4.5509586 -30.65006 -3.801191 N
2.8225563 -35.10827 -3.4618719 N
1.5780046 -37.758698 -3.1256664 N
0.92289364 -40.028706 -3.1361504 N
0.91033125 -41.751812 -2.878228 N
1.5786548 -42.906982 -3.3752038 N
1.4280903 -42.85645 -3.4808555 N
0.85340655 -41.975876 -3.1581523 N
0.4820555 -41.080948 -2.8187006 N
-0.07869492 -40.68014 -2.1672266 N
0.6359558 -37.799454 -2.1687312 N
2.3771563 -32.946186 -2.6018631 N
4.2987747 -28.454248 -3.3491893 N
5.8513823 -24.75536 -3.7837822 N
7.006256 -21.76581 -3.652303 N
8.275074 -17.792896 -2.5882914 N
9.204821 -14.231409 -1.4562882 N
9.5558605 -11.19937 -0.5944641 N
9.560033 -8.801753 -0.03459469 N
9.473746 -7.405993 0.33397335 N
8.938003 -6.4956956 0.6341432 N
8.602111 -6.0344057 0.62336713 N
8.302266 -5.770027 0.5493832 N
8.275271 -5.8283434 0.5883929 N
8.36527 -5.666916 0.60656136 N
8.404828 -5.7607613 0.61958224 N
8.425096 -5.668361 0.7462591 N
8.417447 -5.7995563 0.6782245 N
8.504932 -5.5898747 0.650873 N
8.294532 -5.7828546 0.61055577 N
8.2162075 -5.7566786 0.6914094 N
8.280534 -5.2000074 0.7394646 N
8.214726 -5.0434403 0.7565174 N
8.270806 -4.981158 0.8024519 N
8.334889 -4.987106 0.90177345 P
8.386844 -5.1365566 0.9433897 P
8.413312 -4.9995966 0.7826094 P
8.2827015 -4.873073 0.70013475 P
8.654176 -5.621035 0.8604557 P
9.121177 -6.0330343 0.9686089 P
8.975415 -5.419521 1.3445473 P
8.738504 -3.9096236 1.4813422 P
8.358922 -1.8782061 1.9597249 P
6.876212 1.776525 2.66868 P
5.8425364 5.7797213 3.4382663 P
4.9468493 12.669163 3.6997626 P
4.4736614 17.834385 3.7167368 P
4.3987207 21.39924 3.6889017 P
4.393286 23.977499 3.763679 P
4.4066763 25.666674 3.693392 P
4.539396 26.224829 3.7730074 P
4.743867 25.770815 3.9649098 P
4.649673 24.889961 3.901427 P
4.8882184 23.28994 3.7269876 P
4.489522 22.256712 3.4349856 P
4.398973 20.388348 3.4604268 P
4.436413 17.082804 3.2644486 P
4.794656 12.968516 3.1719108 P
6.264239 8.249131 2.8735123 P
7.6527987 4.3616996 2.0699384 P
9.057827 0.30898598 1.4286253 P
9.489304 -2.571605 0.46707985 P
9.4583845 -4.857136 -0.49662524 P
9.496626 -7.0114775 -0.90959126 P
9.545626 -8.546467 -1.0422845 N
9.637698 -9.306389 -0.93832 N
9.733423 -10.007659 -0.7831495 N
9.740639 -10.044516 -0.29105073 N
9.735133 -9.7927885 -0.034373637 N
9.767423 -9.361831 0.21168365 N
9.684144 -9.056748 0.43777198 N
9.527635 -8.887619 0.594476 N
9.572652 -8.781174 0.67696625 N
9.627762 -8.756892 0.69232374 N
9.636061 -8.7696 0.6375112 P
9.642589 -8.698622 0.6301828 P
9.69168 -8.512397 0.5813714 P
9.927721 -8.560871 0.47064215 P
10.2022705 -8.654737 0.37439215 P
10.408207 -8.891268 0.3441962 P
10.5761175 -9.133827 0.32743308 P
10.565177 -9.085237 0.29205608 P
10.6899395 -8.860363 0.30360898 P
10.406766 -8.546706 0.22215454 P
10.032273 -8.1378565 0.4201623 P
9.7862 -7.2917614 0.22426152 P
9.671647 -5.5499845 -0.0065920404 P
9.408791 -3.460473 -0.20375626 P
9.215426 -1.11477 0.024891183 P
7.574941 2.889628 0.8805371 P
5.951669 6.919967 1.4531115 P
3.937849 13.172825 1.6889609 P
2.5352988 18.99365 1.5276428 P
2.2848222 22.995745 1.1418209 P
2.3944132 25.416311 1.4898492 P
2.8969884 26.293648 1.7233601 P
2.9014404 26.483828 1.7579925 P
2.8252704 26.385351 1.7230005 P
2.9001415 26.331673 1.9636579 P
3.0794966 25.670586 1.6638805 P
2.676054 24.887959 1.1255549 P
2.4820657 22.44806 0.88151425 P
2.5955048 18.821434 0.992232 P
3.2443779 14.939896 0.9392704 P
5.3149996 8.653383 0.45275325 P
7.286866 3.2119477 0.22730939 P
8.576651 -1.0946043 -0.7349295 P
9.182362 -4.343926 -1.7127789 P
9.404281 -7.5565057 -2.3396711 P
9.4986725 -9.42376 -2.6354094 P
9.63399 -10.621188 -2.4910574 P
9.549409 -11.044498 -2.0711677 P
9.503512 -11.210663 -1.7906568 P
9.29967 -11.53183 -1.3494747 P
9.565634 -11.289465 -1.2536532 P
9.849789 -11.4252615 -1.0042006 P
10.175095 -11.576825 -0.90780723 P
10.232934 -11.551471 -0.6678921 P
10.105114 -11.129611 -0.5540302 P
10.215095 -10.887847 -0.4368283 P
10.089288 -10.644202 -0.19100896 P
9.903006 -10.308249 -0.084537156 P
10.0108595 -10.147428 -0.15243407 P
10.006139 -10.367156 -0.051517814 P
9.912394 -10.2874775 -0.062268306 P
9.894234 -10.295037 -0.043048035 P
9.775078 -10.086743 -0.004947657 P
9.610307 -9.480712 0.068871 P
9.5198145 -8.672176 0.049374335 P
9.554507 -8.441693 0.09051441 P
9.545403 -7.835641 0.06169279 P
9.231875 -5.976398 0.040854298 P
8.840458 -3.8734365 0.56083477 P
8.191155 -1.608775 0.99669313 P
7.21234 1.3245696 1.1912369 P
6.5328484 4.5686255 1.2910037 P
5.5348253 9.260375 2.064767 P
4.9968996 13.862159 2.6079056 P
4.640317 17.376234 3.0551424 P
3.8104846 20.826233 3.3576813 P
2.5396543 23.813282 3.1953747 P
2.3269725 25.294395 3.137461 P
2.357234 25.765947 3.1396925 P
2.6789503 24.820354 3.3643317 P
3.171146 23.899872 3.557239 P
3.2711532 22.561487 3.6294534 P
2.839533 19.658043 3.4655604 P
2.563743 16.546278 3.347712 P
3.3331904 12.374984 3.4031422 P
5.136271 7.212324 2.5085633 P
6.9274797 3.3155425 1.5056218 P
8.090934 -0.21113463 0.29019806 P
8.771839 -2.7759774 -0.62390536 P
9.200549 -4.349992 -1.1906208 P
9.425764 -6.0847173 -1.6865367 P
9.243816 -6.996729 -1.756377 N
9.212334 -7.62986 -1.6428539 N
9.574699 -8.694178 -1.9563533 N
9.7930765 -9.901707 -2.049545 N
10.23709 -10.851402 -2.1176627 N
10.552245 -11.317878 -1.8290533 N
10.879717 -11.3415 -1.7669611 N
11.41151 -11.291985 -1.7986345 N
11.634883 -11.235979 -1.5837479 N
11.594557 -11.071804 -1.4493846 N
11.69199 -11.115716 -1.3401139 P
11.865628 -11.036985 -1.6192816 P
11.695986 -11.329663 -1.6970145 P
11.570599 -11.301439 -1.7879094 P
11.795989 -11.162835 -1.7280824 P
11.932467 -10.88259 -1.7544396 P
11.793392 -10.670755 -1.8041853 P
11.8401375 -10.895379 -1.713641 P
11.748466 -11.144202 -1.6655805 P
11.626087 -12.063093 -1.4808893 P
11.42032 -13.753096 -1.4600033 P
10.877993 -15.827463 -1.6985202 P
9.374208 -19.283539 -2.0642388 P
8.330672 -21.904957 -2.3093584 P
7.0162 -24.087797 -2.775358 P
5.0433736 -27.463995 -2.9554005 P
2.9429986 -31.166912 -3.0683339 P
1.5188316 -34.79525 -3.1306033 P
0.54767436 -36.80686 -3.232147 P
0.1110876 -38.001236 -3.1115386 P
0.10921238 -38.644283 -3.207482 P
-0.048528343 -39.102364 -3.0889564 P
0.0846018 -38.866756 -3.079097 P
0.44141155 -38.34531 -3.1150699 P
0.5405775 -38.212288 -2.9372003 P
0.7199601 -36.11086 -2.7644765 P
1.5187714 -33.040886 -2.4513261 P
2.935966 -29.088253 -2.5605576 P
4.2905865 -26.419771 -2.5369706 P
5.313187 -24.180183 -2.698147 P
6.711538 -20.006016 -1.971549 P
8.118454 -15.587171 -1.254483 P
8.86866 -11.544585 -0.48185635 P
9.055584 -8.780863 0.030694587 P
9.216666 -6.803662 0.49443188 N
9.331782 -5.2600822 0.8641496 N
9.488279 -4.2918277 1.0593007 N
9.560489 -3.7753124 1.3237728 N
9.926152 -3.4464362 1.4747741 N
10.041932 -3.360567 1.390906 N
9.864705 -3.2059107 1.5012031 N
9.839221 -2.9154024 1.5145181 N
9.776556 -2.7656496 1.4761512 N
9.936733 -2.555854 1.457608 N
9.961414 -2.5251534 1.5673872 N
9.884759 -2.7532456 1.6280313 N
9.936836 -3.0279899 1.4407086 N
9.92392 -3.0856686 1.4031845 N
9.9239025 -2.992127 1.3233566 N
10.212323 -2.7442272 1.0960937 N
10.046778 -2.6207032 1.1537917 N
9.477468 -1.6216029 1.5231675 N
8.767234 -0.28642195 1.6541016 N
6.91514 2.6946077 2.7220137 N
5.401706 7.4344954 3.3949988 N
4.6731143 14.229429 2.9541578 N
3.936626 19.05136 2.534081 N
3.6477478 22.509832 2.616199 N
4.093709 24.640148 2.9050412 N
4.0070567 24.968529 2.8403318 N
3.7492383 25.806408 2.8291996 N
3.674119 25.414906 2.8488321 N
3.7400985 25.03335 2.9113479 N
3.237365 24.199015 2.738467 N
2.8861432 22.783916 2.5273645 N
3.021909 20.685606 2.3501852 N
3.6000788 15.621869 2.3262782 N
4.986242 9.782871 2.3493185 N
6.9543037 4.0173736 1.6692543 N
8.619316 -1.0198551 1.3351083 N
9.517363 -4.6865387 0.7755234 N
9.832887 -7.3394833 -0.019949835 N
9.740426 -9.07658 -0.88639635 N
9.7666855 -10.4984045 -1.4648827 N
10.004707 -11.2842655 -1.5252197 N
10.026696 -11.643407 -1.3940339 N
10.186767 -11.912836 -1.2393814 N
10.179587 -12.145871 -1.0907725 N
10.156191 -12.688299 -0.9731561 N
10.226423 -13.113536 -0.91297245 N
10.287747 -13.394254 -0.7735375 N
10.313873 -13.422027 -0.57904404 N
10.315856 -13.130984 -0.38633913 N
10.332883 -12.977891 -0.35910147 N
10.35798 -12.930549 -0.45249808 N
10.409862 -13.059883 -0.5053596 N
10.618774 -12.981027 -0.5032776 N
10.721816 -13.315422 -0.54211205 N
10.858686 -13.460565 -0.70360667 N
10.844534 -13.423967 -0.8485084 N
10.854161 -13.487301 -0.6679236 N
10.883353 -13.899437 -0.620049 N
10.839516 -14.977356 -0.5164095 N
10.416385 -17.22812 -0.8220902 N
9.630102 -19.68341 -1.192371 N
8.1854725 -21.86388 -1.623438 N
6.3601565 -24.45098 -1.9969134 N
4.41686 -26.802666 -1.7719207 N
1.96748 -30.651709 -1.3936868 N
0.74435085 -34.211166 -1.0324426 N
0.408473 -37.116924 -0.82685244 N
-0.10230046 -38.99153 -0.6911349 N
0.057830267 -40.184223 -0.55182433 N
0.57098275 -40.502205 -0.92501163 N
1.0409251 -40.882042 -0.79241836 N
1.1690586 -40.81133 -0.49738073 N
1.1973931 -40.64363 -0.25994805 N
1.456209 -38.473175 -0.110725775 N
1.6219099 -35.342342 0.470058 N
2.5082545 -30.850634 0.3398196 N
3.517488 -26.941677 0.027518924 N
4.366408 -23.849703 -0.36029294 N
5.503526 -20.476326 -0.2845677 N
6.2279634 -17.366976 0.16669074 N
7.041203 -13.848197 0.7190419 N
7.6208105 -10.914814 1.3709402 N
7.686051 -8.588026 1.9615532 N
7.9439483 -7.1918197 2.0783782 N
8.242647 -6.300041 2.1659217 N
8.438045 -5.7360897 2.3293786 N
8.32576 -5.037844 2.4703887 N
8.397116 -4.783039 2.5872126 N
8.450694 -4.637029 2.552021 N
8.474958 -4.401246 2.5692942 N
8.546498 -4.305447 2.4768999 N
8.631662 -4.301411 2.52692 N
8.63036 -4.084509 2.517671 N
8.680678 -3.7630847 2.5333602 N
8.751329 -3.5264163 2.3251991 P
8.696906 -3.5013714 2.1076117 P
9.074123 -3.6466382 1.8759898 P
9.292963 -3.9545202 1.8916035 P
9.516265 -4.0797544 1.870523 P
9.612142 -4.2949214 1.8542303 P
9.5731945 -4.1620617 2.038998 P
9.979505 -4.157737 1.817411 P
10.070702 -3.4125166 1.6695303 P
9.505256 -1.5873952 2.0127661 P
8.1398535 0.6388986 2.3042586 P
7.194346 3.0890794 2.7221324 P
6.785149 7.5687227 2.9190333 P
6.7858753 11.121998 3.2724087 P
6.692768 14.904614 3.7840307 P
6.0628123 19.110601 4.2441506 P
5.5646124 22.509361 4.7383404 P
5.8921413 25.028364 4.969207 P
6.05125 27.020767 5.17153 P
6.2801356 27.976673 5.0659146 P
5.9438734 27.777359 4.674919 P
5.300135 26.712446 4.3923993 P
5.5260577 23.739992 4.075495 P
5.6293893 20.77994 3.728903 P
6.0895953 17.362259 3.0192492 P
7.240188 12.114983 2.0101798 P
8.192217 7.188878 1.2544277 P
9.186281 1.8985834 0.6051232 P
9.6105995 -1.8997682 0.23237287 P
9.924736 -5.085794 -0.22995068 P
9.91818 -7.6404552 -0.85022825 P
10.010718 -9.262691 -1.2451278 P
9.981444 -10.633522 -1.3887457 P
9.931318 -11.236552 -1.3134025 P
9.932804 -11.839343 -1.3464426 P
9.851375 -12.904295 -1.187642 P
10.039522 -13.675566 -1.01773 P
9.930322 -14.241191 -0.9441352 P
9.937925 -15.657916 -0.9439699 P
10.13429 -17.177338 -1.0819154 P
10.16573 -17.918158 -1.1377727 P
10.319773 -18.539078 -0.9702572 P
10.282451 -18.933565 -0.7761764 P
9.992542 -19.150843 -0.7463083 P
9.966096 -19.325302 -0.70497805 P
9.82077 -19.54619 -0.60962516 P
9.726576 -19.576435 -0.6177429 P
9.80243 -19.229418 -0.7077178 P
9.866015 -19.088953 -0.724496 P
9.825907 -19.352926 -0.58904785 P
9.996041 -19.5093 -0.3186512 P
10.27025 -19.154936 -0.32930645 P
10.545275 -18.167625 -0.20358644 P
10.528686 -15.778832 -0.21189089 P
10.497963 -13.298404 -0.038270988 P
10.363671 -8.9793625 0.35638016 P
9.862938 -4.925986 0.5875071 P
8.623167 -1.6137992 1.1879164 P
6.134695 3.3297915 1.9099752 P
4.1772633 9.43558 2.139606 P
3.753432 15.920996 1.8037047 P
3.9728057 20.389366 1.4797808 P
4.006574 23.041039 1.3691274 P
4.2140875 25.064713 1.6247225 P
4.4544854 26.166002 1.7314955 P
4.6912217 26.540287 1.7093676 P
5.080596 25.15537 1.6141169 P
5.579105 23.283867 1.437975 P
5.434677 21.785051 1.6133761 P
5.124117 18.746027 1.9081756 P
4.777723 13.705928 2.0738573 P
6.000001 8.134974 1.292467 P
7.846478 3.8912635 0.67256457 P
9.356334 0.08339704 -0.2797606 P
10.1932 -2.8784664 -0.6721599 P
10.781997 -4.839019 -0.909523 P
11.064369 -6.554123 -1.1668062 P
11.151794 -7.873068 -1.1216338 P
11.163777 -8.771688 -1.0191575 P
11.236615 -9.747988 -0.8259501 N
11.249836 -10.582043 -0.8689094 N
11.256183 -11.443447 -1.0850799 N
11.086219 -12.318642 -1.0600394 N
10.974726 -12.901644 -1.0269343 N
11.000024 -12.846029 -1.1922671 N
11.102629 -12.498281 -1.478191 N
11.254193 -12.521227 -1.5859486 N
11.374443 -12.26067 -1.4074035 P
11.444838 -12.299683 -1.423076 P
11.433014 -12.32757 -1.4625399 P
11.244874 -12.910598 -1.6391566 P
11.20928 -12.971183 -1.4925648 P
11.341 -13.397812 -1.3938825 P
11.414743 -13.330258 -1.4239208 P
11.256169 -12.919361 -1.455186 P
11.060094 -13.546678 -1.6835486 P
10.814876 -14.717252 -1.7349572 P
10.425698 -16.47115 -2.0445507 P
9.222431 -19.727491 -2.0153933 P
8.000479 -22.450047 -2.2438076 P
6.0164156 -26.171488 -2.3416173 P
4.3043876 -28.34719 -2.3723862 P
3.2243423 -30.905024 -2.4407382 P
1.9136785 -34.277283 -2.506758 P
0.9219456 -36.364433 -2.7150702 P
0.25702226 -38.084454 -2.545413 P
-0.26592603 -39.22817 -2.729768 P
-0.0794313 -39.772617 -2.5337386 P
-0.040131886 -39.96621 -2.26705 P
0.41672382 -39.382397 -2.0235069 P
0.99100685 -37.932842 -1.6611426 P
1.5744978 -35.636436 -1.5238867 P
2.294229 -33.40483 -1.7102927 P
3.4495497 -30.36148 -1.9812242 P
4.522115 -27.539934 -2.0358737 P
5.443185 -25.49641 -2.3553815 P
6.589771 -23.022871 -2.0175445 P
7.359872 -19.032694 -1.4528975 P
8.243111 -15.03296 -0.63919604 P
8.991824 -11.327646 0.037489884 P
9.31545 -8.031083 0.5669856 P
9.361956 -6.43669 0.96393514 P
9.3467455 -5.1263456 1.3299422 P
9.332699 -4.1445775 1.6139674 N
9.318221 -3.3543553 1.734227 N
9.58446 -2.7329333 1.7679228 N
9.813681 -2.401582 1.6350327 N
10.0003605 -2.3225102 1.6694924 N
9.926678 -2.3684797 1.5825298 N
9.864334 -2.4318843 1.5473309 N
9.669273 -2.4481235 1.5111322 N
9.698634 -2.2016408 1.3978564 N
