0.6338449 -2.717574 -0.10483557 N
1.3978692 -4.8461294 -0.8789347 N
1.811397 -5.7099886 -1.3947723 N
1.6591681 -6.4271874 -1.6281141 N
1.4862928 -6.7777343 -1.5214233 N
1.5408152 -7.1564803 -1.6128712 N
1.7515799 -7.441193 -1.7746657 N
1.4174513 -7.446964 -1.5818212 N
0.89577895 -7.417111 -1.417922 N
0.586529 -7.398939 -1.0779155 N
0.58601844 -7.10892 -0.8083521 N
0.5682268 -6.7416573 -0.49499166 N
-0.013134016 -6.1769724 -0.3461294 N
-0.50508827 -5.979556 -0.059087187 N
-1.1821259 -5.6316257 0.16184512 N
-1.7359558 -5.6055646 0.3821231 N
-2.0683053 -5.4188814 0.6135118 N
-2.7139482 -4.961585 0.8289137 N
-2.6308286 -4.614002 0.901152 N
-2.7518377 -4.370621 0.9916952 N
-2.855811 -4.522116 1.1205662 N
-2.731844 -4.4181676 1.2270223 N
-2.8627753 -4.270293 1.3689338 N
-3.080316 -4.171024 1.4435754 N
-2.9775023 -3.9189205 1.464306 N
-3.24176 -4.0285234 1.5630622 N
-2.223805 -4.841962 0.8360379 N
-1.2507644 -5.336284 0.46844685 N
-0.7015742 -5.722817 0.23090695 N
-0.38676646 -5.8052077 0.117340334 N
-0.27824754 -5.724771 0.050143078 N
-0.094324365 -5.7674866 -0.016280701 N
-0.24540356 -5.8160224 0.042661555 N
-0.42616904 -5.7473245 0.13607578 N
-0.22180963 -5.581779 0.083185986 N
-0.29640445 -5.4775515 0.07276212 N
-0.31325668 -5.7550664 0.1292021 N
-0.096443556 -5.9512677 0.061516274 N
-0.2996733 -5.9174414 -0.023726713 N
-0.33863503 -5.875536 -0.06720002 N
-0.37884694 -5.9889 -0.06206688 N
-0.37688863 -6.0408463 -0.029610286 N
-0.31220743 -5.9429116 -0.08860007 N
-0.43428147 -6.056614 -0.115385786 N
-0.6217907 -5.7499886 -0.30833706 N
-0.57519203 -5.513436 -0.26214933 N
-0.39046276 -5.4083624 -0.27795073 N
0.2619698 -5.1547914 -0.27856776 N
0.6416663 -4.8977275 -0.30115822 N
1.2297425 -4.7747507 -0.38722527 N
1.9480556 -4.839517 -0.48236012 N
2.6476214 -4.9447227 -0.51810575 N
3.2500315 -4.952458 -0.52447987 N
3.8407745 -4.888547 -0.6688967 N
4.721891 -4.782179 -0.50812805 N
5.410992 -4.785091 -0.20093499 N
6.889785 -5.191246 0.00064739824 N
8.500107 -5.8061833 0.08121962 N
11.123342 -5.665796 0.08185284 N
14.352511 -4.90743 0.05322142 N
18.130608 -4.217334 0.3897083 N
23.698378 -3.0915728 2.2356524 N
28.757648 -1.2661408 3.8054278 N
35.70607 -2.5099275 4.7658267 N
40.954304 -3.028068 5.358055 N
44.431293 -2.1428998 6.110856 N
47.954025 -1.3766067 6.262629 N
49.991455 -0.5683587 6.412293 N
52.14089 0.49647126 6.546261 N
53.396095 0.789584 6.420123 N
54.70926 1.0654551 6.183889 N
55.18159 1.3519076 6.0957565 N
54.920727 0.89773685 5.4348383 N
52.959675 0.05678492 5.088128 N
50.617 -0.6234781 4.9067116 N
48.30526 -1.2878146 4.3724923 N
45.04813 -1.2523531 3.5878665 N
41.689568 -0.9734059 3.258409 N
37.789536 -0.7244884 3.0637217 N
34.233498 -1.2426054 2.4442618 N
29.507607 -1.8333367 1.3016663 N
24.867323 -1.8496218 0.33023912 N
21.166307 -2.0262866 0.16171038 N
17.447021 -2.8222048 -0.03978174 N
14.604591 -3.7016103 -0.2671605 N
12.29723 -4.469442 -0.46797925 N
10.519747 -4.6181517 -0.5452421 N
9.550118 -4.4615736 -0.5578995 N
8.024956 -4.264054 -0.48657966 N
6.6311173 -3.8572447 -0.30131546 N
5.1597867 -3.5954087 -0.14732184 N
3.8918114 -3.4466457 0.122033715 N
2.8182094 -3.3915267 0.3164218 N
2.664727 -3.4542475 0.4459683 N
3.0455847 -3.9230115 0.655446 N
3.615874 -4.1673603 0.5609101 N
4.149037 -4.0992317 0.3257629 N
4.3505406 -3.9335935 0.3977511 N
4.480245 -3.808103 0.26816538 N
4.4322143 -4.0019155 0.08365669 N
4.405645 -4.040748 -0.013983508 N
4.5487533 -3.9679372 -0.11507771 N
4.510701 -3.664876 -0.27933732 N
4.516717 -3.472673 -0.2597914 N
4.4072833 -3.3825028 -0.3307133 N
4.181973 -3.1610956 -0.2394068 N
4.218083 -3.124443 -0.15821525 N
4.238229 -2.9934447 -0.1003631 N
4.2916074 -2.8513224 -0.23888111 N
4.2566166 -2.479798 -0.3687317 N
4.2782154 -2.4130816 -0.44881868 N
4.3773475 -2.6498654 -0.47503617 N
4.2308946 -2.9406416 -0.48851895 N
4.288087 -2.8687878 -0.47330207 N
4.2821836 -2.840215 -0.38986853 N
4.3699465 -2.9450333 -0.5678408 N
4.6542764 -3.1714587 -0.7409772 N
4.994101 -3.2200994 -0.9684715 N
5.1433253 -3.1525612 -1.2770116 N
4.9438415 -3.0315971 -1.1081274 N
4.8099284 -2.8042386 -0.9071997 N
4.610682 -2.7133267 -0.7072832 N
4.431102 -2.7901886 -0.53195494 N
4.389466 -2.8262177 -0.589129 N
4.5099187 -2.9272478 -0.596706 N
4.3504705 -2.9400775 -0.5612989 N
4.266645 -2.7385986 -0.32286125 N
3.980358 -2.6985729 -0.18367222 N
3.9797673 -2.9711535 -0.26614675 N
4.100013 -3.0660033 -0.3804095 N
4.111354 -3.1701007 -0.40652102 N
4.0561132 -3.1521254 -0.32768276 N
4.211342 -3.0327528 -0.36717135 N
4.207262 -2.9617293 -0.49045914 N
4.1775975 -2.9108725 -0.48379594 N
3.8030784 -2.8528883 -0.3519028 Y
4.0682817 -2.9985044 -0.42815933 Y
4.125377 -2.9324024 -0.45063397 Y
4.008727 -2.8623865 -0.44433916 Y
3.711924 -2.758095 -0.23822302 Y
3.7119865 -2.9839382 -0.21999949 Y
3.744247 -3.3716753 -0.22883342 Y
3.7655778 -3.5228367 -0.17132767 Y
3.8308113 -3.3995957 -0.23106821 Y
3.8206553 -3.4942672 -0.19714127 Y
3.855502 -3.343861 -0.010756631 Y
4.0366817 -3.194411 -0.16031024 Y
4.286873 -2.9281044 -0.21125783 Y
5.1407595 -2.953615 -0.15275723 Y
6.5423455 -3.4928255 0.027821181 Y
8.63177 -3.9890907 0.23321277 Y
11.310851 -3.9341602 0.5167375 Y
13.84685 -3.3389697 0.6346867 Y
19.030487 -1.9189043 1.7607039 Y
24.07031 -0.8255715 2.6482408 Y
28.70658 0.1801676 4.2397995 Y
32.711006 0.75651884 5.7845573 Y
36.544754 0.5885388 6.4386926 Y
39.792217 0.4198849 6.871786 Y
42.802204 -0.11917829 7.141473 Y
46.56956 -0.80118763 7.6052537 Y
49.77403 -0.5165206 7.8169155 Y
53.023403 0.38254315 8.025936 Y
55.290955 1.0897441 8.442925 Y
56.45955 1.8522035 8.926078 Y
56.568504 1.5843949 8.456414 Y
55.42393 1.3106695 8.050628 Y
53.02063 0.6526557 7.4917316 Y
50.17426 0.49254364 7.336411 Y
47.924545 -0.045360673 6.7971916 Y
44.47928 0.27916998 6.3421893 Y
41.095905 0.3280056 5.513349 Y
37.529636 0.17050847 4.765994 Y
34.32798 -0.3161722 3.969828 Y
31.339203 -0.20518872 3.116433 Y
27.05771 -0.83688486 1.9219996 Y
22.978514 -1.735012 0.91861343 Y
18.708405 -2.7710574 0.5473545 Y
14.990162 -3.7159262 0.19454686 Y
12.009196 -4.130445 -0.095776916 Y
9.229872 -3.8654788 -0.28544724 Y
7.1130295 -3.2782698 -0.46124002 Y
5.2519336 -3.0951886 -0.7162453 Y
3.7071397 -2.9097457 -0.89802176 Y
2.4445164 -2.4407547 -0.9233137 Y
1.0121099 -1.4272573 -0.66000015 Y
0.00035565894 -0.86612266 -0.59833133 Y
-0.88556916 -0.5876224 -0.5937942 Y
-1.3858219 -0.2973402 -0.4366195 N
-1.5927694 -0.387304 -0.34260604 N
-1.4113072 -0.862639 -0.40675613 N
-1.2684137 -1.0039328 -0.45004863 N
-1.0368009 -1.0645658 -0.4959907 N
-0.802067 -1.1323656 -0.46384934 N
-0.49658164 -1.1829398 -0.3308453 N
0.05201113 -1.1575427 -0.4965572 N
0.26126754 -1.29623 -0.5161663 N
0.6083888 -1.3475311 -0.49400663 N
0.8731264 -1.3512229 -0.42884806 N
0.8792401 -1.3624138 -0.3418207 N
1.0694017 -1.544455 -0.30642205 N
1.1861321 -1.9123936 -0.39093032 N
1.2095659 -1.9016155 -0.3521575 N
1.342787 -1.9003816 -0.4714291 N
1.1925308 -2.0636628 -0.4946623 N
1.3206563 -2.014855 -0.4705487 N
1.4615932 -1.7198814 -0.44423473 N
1.1187068 -1.7035611 -0.45904627 N
0.89696944 -1.8910047 -0.43678784 N
0.7490322 -2.0553708 -0.42667755 N
0.80961835 -1.9495238 -0.5095283 N
0.87958246 -1.9495139 -0.587513 N
0.80852574 -1.8803513 -0.56755775 N
0.8565192 -1.8629106 -0.5954957 Y
0.74890554 -1.7208481 -0.57621706 Y
0.8000462 -1.7671607 -0.5844384 Y
0.6953731 -1.7106853 -0.59214026 Y
0.80105597 -1.6450832 -0.6273761 Y
0.76201546 -1.6847858 -0.8521675 Y
0.5503346 -1.7930338 -0.9331166 Y
0.38990423 -1.8168882 -0.9348253 Y
0.24116696 -1.8835806 -0.8517943 Y
0.106104344 -2.035665 -0.65489 Y
0.15066774 -1.7621455 -0.45139882 Y
0.20522948 -1.4958984 -0.33478975 Y
0.39817077 -1.4907441 -0.31870875 Y
0.64991635 -1.5777278 -0.31820068 Y
1.3084635 -1.8911117 -0.2704364 Y
3.1321607 -1.9642243 -0.026837533 Y
5.2818317 -2.6545136 0.31280616 Y
7.4296093 -2.8657146 0.19020592 Y
10.759629 -2.7215254 0.56823075 Y
14.277695 -2.4015071 0.723435 Y
19.165676 -1.4242917 1.9398764 Y
23.746414 -0.503432 3.0589623 Y
27.16985 0.19434424 4.03533 Y
30.077806 0.8955386 4.7888503 Y
33.85075 1.7111304 5.350837 Y
37.2346 1.4032401 5.6091046 Y
41.31965 1.5136874 6.0127945 Y
45.18521 0.6749281 6.3623605 Y
48.318157 0.49223194 6.733728 Y
51.59209 1.0703624 7.426974 Y
53.6839 1.5727347 7.3935995 Y
55.05161 2.0872486 7.4162145 Y
55.45141 2.532241 7.283766 Y
54.877247 1.6919563 6.5995646 Y
53.170998 1.0149708 6.1313043 Y
51.110256 0.54401016 6.051795 Y
48.413563 -0.79684573 5.568675 Y
46.120216 -1.5033163 5.0519867 Y
43.359753 -1.448057 4.7435007 Y
38.707394 -1.072401 4.957372 Y
34.800484 -1.0893753 4.5391455 Y
29.586977 -1.1893963 3.5904365 Y
25.02442 -2.1783302 2.507787 Y
20.255596 -2.823775 1.8089316 Y
16.434101 -3.316063 1.427938 Y
13.503541 -3.8911972 1.0629779 Y
11.587642 -4.142027 0.8396185 Y
10.095792 -3.9647725 0.8456638 Y
8.361113 -3.039304 0.75856864 Y
6.827907 -2.3096352 0.483195 Y
5.465594 -1.8387436 0.2075442 Y
4.555221 -1.7616369 0.12534995 Y
4.2151585 -1.9261515 -0.05166173 Y
3.8252144 -2.0583797 -0.010512801 Y
3.7712219 -1.8731349 0.3281031 Y
3.755428 -1.6650243 0.37962836 N
3.694963 -1.7631718 0.39085338 N
3.571606 -1.9243174 0.51771605 N
3.5277832 -2.1156557 0.50297403 N
3.602186 -2.2778285 0.442472 N
3.4452786 -2.3979921 0.38900658 N
3.0352397 -2.330805 0.27787635 N
2.843573 -2.197108 0.15628706 N
2.712414 -2.1126616 0.04539869 N
2.6682856 -1.9214302 0.063963786 N
2.7314281 -1.8350394 0.14058146 N
2.6582658 -1.6852473 0.25132567 N
2.6483285 -1.5079486 0.27830026 N
2.7758782 -1.5937583 0.19441764 N
2.8881345 -1.6673584 0.11290472 N
3.0430634 -1.6465454 0.209346 N
3.0788753 -1.6448703 0.35795143 N
3.1688979 -1.4967242 0.40434653 N
3.1593297 -1.5632942 0.40290773 N
3.1579638 -1.706722 0.1600098 N
3.543816 -1.9408699 0.04195104 N
3.672028 -2.1390145 -0.13023588 N
3.672901 -2.0068026 -0.17566057 N
3.8098962 -2.0650845 -0.10410903 N
3.7232473 -1.7823093 0.07027447 N
3.8198466 -1.8543366 0.024356114 N
3.828702 -1.8875809 0.06721259 N
3.9615712 -1.8240155 0.026493374 N
4.251727 -1.7579163 0.078436255 N
4.278649 -1.7716819 0.07389722 N
4.3368373 -2.1924272 -0.11248995 N
4.523614 -2.5548356 -0.22295938 N
4.3380737 -2.4341946 -0.25777578 N
4.1119113 -2.2468598 -0.2854091 N
3.999896 -2.2190542 -0.19306345 N
4.138138 -1.8951129 0.0633975 N
4.125423 -1.4334217 0.36604255 N
4.5512514 -1.2954917 0.44127434 N
4.4251375 -1.3307066 0.39283264 N
4.4351373 -1.3077102 0.37004113 N
4.6024475 -1.3657728 0.20714399 N
5.296821 -1.508475 0.09971314 N
6.4021525 -1.9091992 0.10980311 N
8.335516 -2.9911127 -0.04862604 N
10.316504 -3.6526275 -0.04808849 N
13.926392 -3.5692115 -0.16319036 N
18.491316 -2.9280753 -0.44458917 N
22.435205 -2.6168072 -0.32888186 N
27.969913 -1.9435252 0.91321814 N
32.606106 -1.2199266 1.5232168 N
37.288742 -0.94619614 2.3073406 N
40.680202 -1.1821358 2.8122535 N
43.347836 -1.555287 3.6153743 N
46.40046 -2.2733274 3.9679594 N
48.693005 -2.635035 4.3566694 N
51.26736 -2.479959 4.2816606 N
53.560116 -1.548954 4.5892997 N
54.69482 -0.9338916 4.6931324 N
54.850384 -1.1408696 4.386646 N
53.83241 -0.89282244 3.9907224 N
51.959305 -1.6746204 3.5956545 N
50.21824 -2.3545816 3.126592 N
47.68518 -2.6850111 2.43024 N
45.452015 -2.6087642 2.226025 N
42.335754 -2.108008 2.1276004 N
39.11519 -2.0891347 1.7698163 N
35.511875 -2.6059923 1.278377 N
32.09657 -2.902947 0.47087854 N
28.215933 -3.207546 -0.15713245 N
23.472574 -3.3860102 -0.64785975 N
19.291359 -3.6347613 -0.93729395 N
15.257976 -4.0925803 -1.061496 N
12.34968 -4.329777 -1.0737702 N
10.650734 -4.4370637 -1.005349 N
9.479199 -4.213997 -1.0435458 N
8.50914 -3.6587884 -1.0671619 N
7.0984445 -3.0329316 -0.893104 N
6.1118073 -2.6583817 -0.82779217 N
5.6692677 -2.3666835 -0.81426865 N
5.3689027 -2.1347225 -0.7630522 N
5.320945 -1.990687 -0.765599 N
5.490628 -1.8374346 -0.6189999 N
5.7174196 -1.8769368 -0.53912586 N
5.8049226 -1.8627847 -0.4428464 N
6.028524 -2.0655131 -0.34492198 N
6.242972 -2.247849 -0.40646914 N
6.180341 -2.46181 -0.450143 N
6.182581 -2.138069 -0.5159309 N
6.1311436 -1.8541539 -0.33904022 N
6.082562 -1.8522375 -0.3203263 N
5.986943 -1.5846032 -0.075672165 N
5.9796886 -1.4021932 -0.0567534 N
5.8228226 -1.4800416 -0.094283864 N
5.793867 -1.5752059 -0.22512212 N
5.6474366 -1.6353134 -0.2594586 N
5.4595857 -1.8439246 -0.3246815 N
5.67658 -1.9702116 -0.28790155 N
5.7555785 -1.9668835 -0.42110333 N
5.8425527 -1.9280721 -0.5831102 N
6.0739574 -1.8627704 -0.46953353 N
6.056331 -1.966248 -0.43449333 N
5.9216213 -2.0816593 -0.36794066 N
5.809923 -1.8962462 -0.28947684 N
5.753155 -1.9250797 -0.22013809 N
5.950649 -2.135473 -0.26428878 Y
5.841276 -1.9803673 -0.28262928 Y
5.8572073 -1.861994 -0.3158998 Y
5.767814 -1.9467407 -0.1999576 Y
5.865296 -2.0021737 -0.18000528 Y
6.0562863 -2.1100326 -0.02389925 Y
5.8154483 -2.1527042 -0.07793435 Y
5.4475694 -2.256366 -0.21951945 Y
5.414479 -2.0064788 -0.23108074 Y
5.51279 -1.6311044 -0.23028363 Y
5.515625 -1.7971998 -0.29192165 Y
5.375811 -1.8554051 -0.35333776 Y
5.179193 -1.6702977 -0.34626374 Y
4.8531084 -1.8188984 -0.3298538 Y
4.115801 -2.1006787 -0.2994903 Y
2.9449682 -2.5311584 -0.41437763 Y
1.3943859 -2.9299917 -0.605883 Y
-1.7547865 -2.5963337 -0.48848823 Y
-5.3893538 -2.7469013 -0.3011688 Y
-8.963192 -3.0272682 -0.24087337 Y
-14.064958 -2.9182765 -0.16084166 Y
-19.117592 -2.6538806 -0.37326914 Y
-24.616056 -2.4378214 -0.5900159 Y
-29.796244 -2.3915093 -0.7424418 Y
-34.06087 -2.8137722 -0.4388323 Y
-37.99144 -4.1512494 0.3283557 Y
-40.942745 -5.7148166 0.4928955 Y
-44.93258 -7.043215 0.3898666 Y
-48.76645 -7.8733907 -0.028076591 Y
-52.11176 -8.936134 0.25034875 Y
-54.79843 -10.22693 0.7599012 Y
-56.222008 -9.789557 0.79670364 Y
-56.808926 -9.128518 0.9047804 Y
-57.18215 -8.876427 1.4969176 Y
-57.100548 -9.735174 2.0509236 Y
-55.890038 -11.24006 3.1092272 Y
-54.086956 -11.968641 3.8834684 Y
-52.118073 -11.725215 4.0049224 Y
-49.58096 -11.417158 4.052236 Y
-47.05012 -10.726501 3.852272 Y
-42.72194 -8.264725 2.874089 Y
-38.48218 -6.4708724 1.8144523 Y
-34.59402 -5.392786 0.9058252 Y
-30.654327 -4.803321 0.86828256 Y
-27.472597 -3.847282 1.1060978 Y
-23.435413 -2.3619652 1.2006552 Y
-19.758652 -1.24368 0.8858395 Y
-16.36715 -0.6915782 0.3766 Y
-12.138429 -0.87940925 -0.046693165 Y
-7.9921584 -1.7923316 -0.29811898 Y
-4.5148654 -2.2328901 -0.37506315 Y
-1.3491089 -2.4223058 -0.3173639 Y
1.5759611 -2.5070717 -0.3775324 Y
3.9779286 -2.4182124 -0.5444872 Y
6.304584 -2.8968058 -0.58671784 Y
7.954799 -3.3742514 -0.5711764 Y
9.189975 -4.1014943 -0.67465055 Y
9.672107 -4.3467174 -0.7873367 Y
9.775753 -4.452525 -0.6224422 Y
9.581354 -4.499728 -0.6970573 Y
9.449881 -4.3500996 -0.84560674 Y
9.656393 -4.0576534 -0.9322011 Y
9.678044 -3.9657195 -0.94643116 Y
9.5535965 -3.9741235 -0.9270443 Y
9.259811 -4.1793613 -0.8748879 Y
8.949809 -4.252132 -0.86675704 Y
8.938032 -4.4344954 -0.90215194 Y
8.774491 -4.2719836 -0.8581836 Y
8.558718 -3.9769015 -0.92841053 Y
8.280156 -3.8652005 -0.83515364 Y
8.385493 -3.8113265 -0.7747272 Y
8.344854 -3.8434384 -0.7229682 Y
8.440225 -3.95262 -0.7169747 Y
8.632959 -4.20106 -0.81957823 Y
8.770921 -4.315225 -0.845651 Y
8.89621 -4.3324547 -0.7481659 Y
9.189329 -4.11487 -0.89329094 Y
9.40203 -4.6244483 -1.2708632 Y
9.455634 -5.252003 -1.2876798 Y
9.376862 -5.0314894 -1.4204805 Y
9.225808 -4.6736426 -1.493446 Y
9.164802 -4.707258 -1.3688223 Y
9.063515 -4.5434036 -1.4372569 Y
9.076457 -4.4077625 -1.4484687 Y
9.170147 -4.516152 -1.2836317 Y
9.198754 -4.6599946 -1.174011 Y
9.020734 -4.6541815 -1.0644196 Y
8.85125 -4.811835 -1.0523237 Y
8.843738 -4.6404104 -0.93405676 Y
8.848186 -4.7635045 -0.9224399 Y
8.922693 -4.866313 -0.9228227 Y
8.781114 -4.9206853 -0.90439475 Y
8.70049 -4.892405 -0.93051386 Y
8.606589 -4.8289948 -0.91017133 Y
8.381253 -4.339518 -0.9631886 Y
8.265633 -3.7933207 -0.87777776 Y
8.015357 -3.4708714 -0.72466743 Y
7.416683 -3.2118688 -0.79510075 Y
6.573985 -2.962827 -0.8548918 Y
5.228271 -2.9549851 -0.9091357 Y
2.4898052 -2.773675 -0.6086914 Y
-1.03981 -2.544411 -0.3568889 Y
-4.4717274 -1.9533715 -0.5192054 Y
-8.458083 -1.1809992 -0.3093111 Y
-13.462057 -0.9590952 0.2925527 Y
-17.447416 -1.1759685 0.48774374 Y
-21.60644 -1.930313 0.778552 Y
-24.717617 -2.5255463 1.0390842 Y
-27.087524 -2.3757133 0.75274354 Y
-30.81399 -2.7400994 0.24587779 Y
-34.40965 -3.2802663 0.20887521 Y
-38.268898 -4.619888 0.2799458 Y
-40.94746 -6.1145144 0.27593288 Y
-43.54882 -7.7389493 0.67683613 Y
-46.4902 -9.084663 1.0144038 Y
-49.1977 -9.681653 1.2898897 Y
-51.108437 -10.584525 1.7717396 Y
-53.281246 -10.980091 2.1923952 Y
-55.279224 -12.23123 3.2403882 Y
-56.963505 -12.585991 3.3897378 Y
-57.909332 -12.193204 3.038129 Y
-58.483337 -12.042193 3.0881739 Y
-58.621834 -11.68933 3.05137 Y
-58.395714 -12.152302 3.8050067 Y
-56.369923 -12.428724 4.1949735 Y
-54.13954 -12.813875 4.337714 Y
-52.08672 -12.716294 4.147412 Y
-48.568775 -11.396464 3.209382 Y
-45.693813 -9.967838 2.370556 Y
-42.11321 -8.42537 1.5256196 Y
-38.74517 -6.9196486 0.96855825 Y
-34.299393 -5.81263 0.16994426 Y
-30.743746 -5.242337 -0.2294307 Y
-28.012512 -4.8965077 -0.48091418 Y
-24.274158 -4.4242015 -0.17474353 Y
-21.03204 -3.5706263 0.32333592 Y
-18.02856 -3.106732 0.063377246 Y
-14.804944 -2.719745 -0.40092242 Y
-12.112761 -2.1451628 -0.56948435 Y
-9.13137 -1.8525937 -0.6289187 Y
-6.4479795 -1.8497819 -0.6815091 Y
-4.0832267 -2.0080137 -0.56226516 Y
-1.4979961 -2.0916798 -0.52730006 Y
0.6080633 -2.1880813 -0.5916998 Y
2.4925358 -2.3268442 -0.77214503 Y
4.588004 -2.2149782 -0.7692078 Y
5.9714804 -2.2860317 -0.6004221 Y
6.6875343 -2.3579793 -0.5003424 Y
7.050979 -2.7909696 -0.53554827 Y
7.2790112 -3.126832 -0.4539885 Y
7.420242 -3.4784148 -0.4762557 Y
7.4559793 -3.622461 -0.5598672 Y
7.613238 -3.7593324 -0.7796161 Y
7.631103 -3.762479 -0.86186165 N
7.5280356 -3.5423884 -0.967614 N
7.4535747 -3.3996346 -0.9110829 N
7.5383396 -3.4140747 -0.9782837 N
7.4332886 -3.486223 -1.2142045 N
7.12035 -3.4807117 -1.2411766 N
7.128403 -3.480631 -1.2202288 N
7.157876 -3.3614945 -1.0829732 N
7.141346 -3.215018 -1.116822 N
7.1316714 -3.0596602 -1.1587293 N
7.1764307 -2.998053 -1.0556008 N
7.3666544 -2.8714852 -1.2259486 N
7.436916 -2.9980485 -1.188903 N
7.312484 -2.8539762 -1.1561965 N
7.041902 -2.5438504 -1.2350756 N
6.8619866 -2.5917053 -1.2791548 N
6.792163 -2.884693 -1.3412682 N
6.856612 -3.0637534 -1.3440819 N
6.9631267 -3.1341746 -1.4463005 N
7.106206 -3.0940776 -1.5385088 N
7.0552573 -3.228788 -1.6695125 N
7.05415 -3.3220623 -1.599525 N
7.044549 -3.2233043 -1.5396639 Y
7.080387 -3.2446733 -1.4989268 Y
7.253194 -3.2739298 -1.283551 Y
7.132515 -3.0206165 -1.2051514 Y
7.121965 -3.18659 -1.1572436 Y
7.1870694 -3.4253802 -1.3060182 Y
7.2611876 -3.4040747 -1.2577899 Y
7.2148805 -3.2303984 -1.0324864 Y
6.782883 -3.1206596 -0.9527031 Y
6.46438 -2.7397563 -0.947968 Y
6.1176367 -2.6353965 -0.95998526 Y
5.17794 -2.3319771 -0.89813346 Y
3.579042 -2.1737251 -0.64460355 Y
1.8353502 -2.080608 -0.46897736 Y
-1.4411161 -1.5098639 -0.70983213 Y
-4.922915 -0.9912061 -1.1444054 Y
-9.007208 -0.473764 -1.3493603 Y
-12.368752 -0.31929672 -1.4060394 Y
-15.275101 -0.090099245 -1.3680576 Y
-18.683163 -0.20640239 -1.727926 Y
-22.129004 -0.3414933 -2.2242763 Y
-25.52967 -0.40231645 -2.3989327 Y
-28.32443 -0.3255641 -2.7504678 Y
-31.54059 -0.9008036 -2.682048 Y
-35.530514 -2.295551 -1.9702551 Y
-38.458893 -3.8563468 -1.264086 Y
-41.471478 -5.3392777 -0.485895 Y
-44.480453 -6.4410505 0.28008655 Y
-46.962296 -7.324256 0.67491233 Y
-49.466846 -8.626613 1.2308143 Y
-51.614292 -9.427394 1.5251671 Y
-53.882614 -9.936904 1.4131355 Y
-55.496204 -9.880583 1.437909 Y
-56.389023 -9.366081 1.4181814 Y
-57.324505 -9.711812 1.5416251 Y
-57.961674 -10.075137 1.9450008 Y
-58.148357 -10.186641 2.3085458 Y
-57.883236 -11.257318 2.9814632 Y
-57.086006 -11.931473 3.6567812 Y
-55.039867 -11.846699 3.6330924 Y
-52.20029 -11.629274 3.111365 Y
-49.0186 -11.453489 2.6001477 Y
-46.014305 -11.105206 2.4427598 Y
-43.32774 -10.111928 1.9625399 Y
-39.92229 -7.613843 1.3335919 Y
-36.387196 -6.393392 0.67456335 Y
-32.711643 -4.6483455 0.5513941 Y
-30.261389 -3.247891 0.75745666 Y
-28.155321 -2.652666 0.8239871 Y
-24.876038 -2.372735 0.8965265 Y
-21.856037 -1.7541562 0.73563135 Y
-18.56438 -0.86357486 0.27663523 Y
-15.673993 -0.3415281 0.15018094 Y
-13.314241 -0.42509782 0.088204265 Y
-10.255824 -0.7820965 0.07985279 Y
-7.717068 -0.702203 0.14029486 Y
-5.1926603 -0.9247741 0.5103779 Y
-3.1319802 -1.0519475 0.80283856 Y
-1.3443135 -1.4738352 0.85211825 Y
1.6880925 -1.819746 0.90890014 Y
3.9751513 -2.1027305 0.63895833 Y
5.741279 -2.4953759 0.3377789 Y
6.5651298 -2.6307411 0.17051573 Y
6.9660907 -2.633313 0.05625112 Y
7.098771 -2.9387488 -0.21070126 Y
7.074306 -3.0458446 -0.3899546 Y
7.24122 -2.920691 -0.453444 Y
7.3155985 -2.884765 -0.5223625 N
7.296922 -3.170105 -0.5378315 N
7.4174004 -3.5377882 -0.53371656 N
7.5130954 -3.9204311 -0.39604735 N
7.648669 -4.0870337 -0.29844674 N
7.537703 -4.1451273 -0.32722136 N
7.3832183 -4.1929197 -0.4497574 N
7.409407 -3.8271337 -0.5024021 N
7.0684576 -3.5437155 -0.47652754 N
6.9007463 -3.3903081 -0.45020235 N
6.8493233 -3.1232965 -0.38465708 N
7.106001 -2.9441519 -0.2892442 N
7.234864 -2.962719 -0.3653059 N
7.38255 -3.0691888 -0.2808492 N
7.5913305 -2.9949965 -0.33527833 N
7.746062 -3.1791992 -0.39032838 N
7.7621207 -3.2456927 -0.37524515 N
7.809869 -3.2752512 -0.42287123 N
7.8514485 -3.3600914 -0.414703 N
7.955157 -3.678143 -0.394363 N
8.139457 -3.651966 -0.39643225 N
8.154501 -3.697199 -0.3357751 N
8.335313 -3.537164 -0.30013183 N
8.214639 -3.3614092 -0.29196012 N
7.9536023 -3.4319031 -0.38227957 N
7.964919 -3.4055567 -0.41017416 N
8.113375 -3.429186 -0.49147773 N
8.290611 -3.633191 -0.5867391 N
8.543716 -3.9439492 -0.55632585 N
8.434082 -4.074156 -0.50237113 N
8.551414 -4.2347274 -0.42186344 N
8.620361 -4.0227275 -0.30413413 N
9.00053 -4.3063154 -0.2694752 N
9.562064 -5.0204096 -0.19923851 N
10.389208 -5.6527653 0.07012212 N
11.637437 -5.6741896 0.74670124 N
13.407808 -5.3456388 1.3177058 N
16.076496 -4.4241652 1.7525222 N
18.825514 -3.599976 2.287201 N
21.350798 -2.7563837 2.8877156 N
26.029943 -1.8090839 4.8224006 N
30.30176 -0.13629627 6.501346 N
35.28583 -0.15261878 7.575928 N
39.935703 -0.871362 8.141708 N
43.5274 -1.2373507 8.564407 N
46.8069 -1.0125281 8.661046 N
49.77864 0.17445996 8.667628 N
53.09262 0.8157515 8.143177 N
55.152847 1.3344226 7.7775083 N
56.51811 2.1148283 7.4625845 N
58.14519 1.192383 6.5895767 N
57.883034 -0.15994926 5.6347637 N
56.225586 -0.74538803 5.2694583 N
53.57807 -0.94793427 5.192814 N
50.597424 -0.6960347 5.3097305 N
46.47101 -0.036443215 5.648582 N
42.441475 0.5581338 6.1140738 N
38.983707 1.5593548 6.3180795 N
36.013737 1.673913 5.661353 N
33.443542 1.0517962 5.063572 N
30.172626 0.677492 4.0732517 N
27.011477 0.86196405 3.0935087 N
24.267069 0.47649384 2.4205153 N
20.580309 -0.4395061 1.8768188 N
17.428064 -1.7393776 1.3661383 N
13.720304 -2.53265 0.84493494 N
11.20614 -3.040149 0.434027 N
9.333537 -3.0542016 0.05322799 N
6.7789693 -2.687759 -0.20080596 N
4.158983 -2.4231138 -0.26577282 N
1.5970975 -2.106647 -0.14876272 N
-0.4726467 -2.0702896 -0.0072608655 N
-1.7805495 -1.9881837 0.044990778 N
-3.4038596 -1.60754 0.29714656 N
-4.5032043 -1.129189 0.43949983 N
-5.323594 -0.917643 0.46830407 N
-5.5478463 -0.8448561 0.536204 N
-5.57396 -1.0205557 0.49683625 N
-5.6592264 -1.0121385 0.4702394 N
-5.336396 -1.3153163 0.44629297 N
-4.7027493 -1.647844 0.3564252 N
-4.1609254 -1.8866528 0.3763852 N
-3.6253002 -2.2010818 0.26924422 N
-3.2064629 -2.5005462 0.19181962 N
-3.0314324 -2.589703 0.2639338 N
-3.0726964 -2.1537113 0.34546947 N
-2.832155 -1.8764192 0.15164688 N
-2.4439368 -1.7230852 -0.16467223 N
-2.506028 -1.4639796 -0.16625412 N
-2.7070642 -1.3661977 -0.088683434 N
-2.8838947 -1.545304 0.12241703 N
-2.8790488 -1.886981 0.17669167 N
-2.4591527 -2.0613658 -0.010996932 N
-2.4048562 -2.0651054 0.041277997 N
-2.1681223 -2.2277822 -0.02579761 N
-2.1367307 -2.3561423 -0.029357517 N
-1.9674805 -2.3918426 -0.054917045 N
-1.9078039 -2.1840043 -0.12642157 N
-1.9243942 -2.0637703 -0.14127441 N
-1.6940664 -2.288914 -0.2983032 N
-1.5537776 -2.341838 -0.37187833 N
-1.3764808 -2.323069 -0.48149872 N
-1.6066908 -2.0980837 -0.38071412 N
-1.7184157 -1.9386073 -0.44533598 N
-1.7752057 -2.2816892 -0.47085723 N
-1.8797672 -2.2513013 -0.42892116 N
-1.7664101 -2.7336037 -0.39101422 N
-1.5300745 -2.8458579 -0.54394597 N
-1.69914 -3.23715 -0.47384334 N
-3.3874094 -3.5042613 -0.086247295 N
-5.9134684 -3.778173 0.30843824 N
-10.25226 -4.5619044 0.41478223 N
-14.640572 -5.163721 0.61599666 N
-19.014067 -6.137793 0.5017815 N
-23.527096 -6.5406218 -0.20575091 N
-27.86481 -6.2822514 -0.97724533 N
-31.923615 -5.377572 -1.4523094 N
-35.198517 -4.3874035 -2.0371816 N
-38.015297 -4.503377 -2.0369508 N
-39.951458 -5.0356665 -1.8687515 N
-41.007954 -5.6335487 -1.7031807 N
-43.881832 -6.5446424 -1.6975242 N
-46.384544 -7.3759766 -1.5876205 N
-48.820194 -9.428215 -0.8537774 N
-50.82426 -10.029707 -0.70611095 N
-52.46206 -9.427529 -0.475666 N
-54.10464 -10.251553 0.47797084 N
-55.73183 -11.0656395 1.57686 N
-57.07891 -10.931736 1.6835275 N
-57.479126 -11.568 1.935627 N
-56.814026 -11.768456 2.1226072 N
-55.67179 -12.025571 2.3490438 N
-53.39312 -11.958276 2.5479774 N
-51.082767 -11.473911 2.3277655 N
-48.19684 -11.639807 2.266773 N
-45.540497 -11.34844 1.6874449 N
-41.530518 -9.900735 1.3553977 N
-37.052704 -8.681851 0.68423575 N
-31.631971 -7.9552073 0.3746537 N
-27.344938 -7.1962557 -0.002151084 N
-23.511421 -6.002189 -0.69461197 N
-19.644903 -4.8073463 -0.9333549 N
-16.195612 -3.9506419 -1.1382331 N
-13.45157 -3.0094643 -1.2552767 N
-10.376088 -2.2783806 -1.3338178 N
-7.9608994 -1.6176709 -1.4781796 N
-5.0347095 -1.9140066 -1.356416 N
-2.6906073 -1.7383726 -1.3426489 N
0.043844815 -1.8440422 -1.1768314 N
2.5338604 -2.049452 -0.98802006 N
4.4314027 -1.9725375 -0.91955876 N
5.4667225 -1.7096452 -0.92437893 N
6.2592826 -1.6208073 -0.7317005 N
6.7489777 -1.8155196 -0.5256585 N
7.0344124 -2.0632465 -0.49890152 N
7.666896 -2.1422603 -0.39379352 N
8.007051 -2.042446 -0.39246035 N
8.199404 -2.005126 -0.34638032 N
8.627842 -2.127329 -0.33091846 N
8.960774 -2.3082247 -0.34862745 N
9.127848 -2.7118816 -0.37166184 N
9.16923 -2.9319468 -0.42393354 N
9.172435 -2.868417 -0.49765438 N
9.129499 -2.8417377 -0.51515406 N
8.891988 -2.3850055 -0.42144525 N
8.785453 -1.8705914 -0.30776367 N
8.693603 -1.7492294 -0.24895005 N
8.674623 -1.7049189 -0.1434976 N
8.654727 -2.0520976 -0.07020728 N
8.817633 -2.467526 -0.20362274 N
9.178222 -2.395837 -0.3183787 N
9.416025 -2.5107713 -0.532866 N
9.532095 -2.7207363 -0.68407106 Y
9.532342 -2.7761323 -0.6865998 Y
9.618569 -2.9989498 -0.54865617 Y
9.598067 -3.1830008 -0.44959044 Y
9.891332 -3.589895 -0.33753738 Y
10.432726 -3.8969684 -0.06558154 Y
11.058956 -3.989825 0.02923847 Y
11.990851 -4.169286 0.27295923 Y
12.805974 -3.9445345 0.5979977 Y
13.779636 -3.605249 1.1962935 Y
14.510669 -3.4076056 1.6385897 Y
15.130897 -2.7351499 1.8561586 Y
16.509415 -2.1441367 2.1884892 Y
18.196075 -1.4903386 2.4684474 Y
21.470278 -1.2135376 3.0956004 Y
24.858286 -0.30157295 3.8761537 Y
28.12962 0.14128813 5.0435114 Y
32.42289 0.59393233 6.6751056 Y
36.762623 -0.042823605 7.2955213 Y
41.576454 -0.0030970168 7.6798997 Y
45.57626 -0.09611776 7.917367 Y
48.861595 0.28205016 8.099766 Y
50.84301 0.9861829 8.009446 Y
52.2347 1.4115758 7.529243 Y
54.10624 2.8336997 7.570907 Y
56.068806 2.9132216 7.034586 Y
58.027554 2.6645977 7.0065775 Y
59.159744 2.5535574 6.7136016 Y
59.410454 2.3243737 6.570477 Y
59.267345 1.3660629 5.9004374 Y
58.923195 0.68585986 5.538353 Y
56.73184 0.8306 5.6883483 Y
54.531944 0.70003146 5.669348 Y
52.213078 0.39465424 5.729106 Y
49.160896 -0.09711071 5.4884853 Y
46.0817 -0.86163133 4.9895835 Y
42.77193 -0.43236277 4.5525074 Y
39.301353 0.41367966 4.5759344 Y
36.468567 1.1056216 4.4667754 Y
32.31508 1.4406539 4.2263126 Y
28.250072 1.5153748 3.5517251 Y
23.332241 0.35660473 2.7876937 Y
19.506964 -0.86425084 2.380486 Y
17.04674 -1.5566235 1.9328221 Y
14.012493 -2.2021174 1.4234314 Y
11.636566 -2.930552 1.1810759 Y
9.826041 -2.8614168 0.88433343 Y
7.9108486 -2.3069243 0.7229816 Y
4.70201 -2.2384765 0.6267811 Y
1.7936789 -1.9949772 0.65384346 Y
-1.0381174 -1.2705808 0.83349675 Y
-3.0412314 -1.3242682 0.83555335 Y
-4.3758044 -1.0623037 0.60916805 Y
-5.4661016 -0.5575476 0.38242325 Y
-6.03569 -0.336493 0.19104236 Y
-6.137561 -0.4712583 0.1736239 Y
-5.9677205 -0.37131092 0.09330673 Y
-5.7700067 -0.5949194 0.044452697 Y
-5.650676 -0.65729606 0.05366701 Y
-5.6250863 -0.7672722 0.15765029 N
-5.3023167 -0.54486686 0.09980174 N
-5.242347 -0.63356036 0.08888026 N
-5.133854 -0.6880899 0.031876396 N
-4.952814 -0.8727444 -0.019857777 N
-4.5342226 -1.0027899 -0.21620297 N
-3.5863228 -2.0296173 -0.40717962 N
-2.8030336 -2.5321305 -0.557206 N
-2.7349286 -2.3712935 -0.47603142 N
-2.835965 -1.8491888 -0.29847503 N
-3.0012765 -1.3486766 -0.09151102 N
-3.0299318 -1.0890476 -0.08018921 N
-3.0113335 -0.99676645 -0.15831652 N
-2.8257043 -1.1521151 -0.39354298 N
-2.8468733 -1.6302311 -0.41840264 N
-2.5894606 -1.8086567 -0.39377454 N
-2.5455933 -1.9050955 -0.3545931 N
-2.6164987 -1.8481479 -0.37778828 N
-2.4892042 -1.9620981 -0.36732146 N
-2.3695338 -1.9935141 -0.423727 N
-2.5313263 -2.0391705 -0.48452958 N
-2.9941292 -1.9885623 -0.59034574 N
-3.5707424 -1.9287165 -0.46887708 N
-3.978025 -1.5249708 -0.67689836 N
-5.141364 -1.1918429 -0.5932145 N
-6.479573 -1.2178549 -0.39919552 N
-7.913441 -1.2652103 -0.36520126 N
-9.051213 -1.1434215 -0.3886255 N
-10.626876 -0.9208008 -0.052157782 N
-12.032428 -1.4052595 0.019691316 N
-13.55697 -1.7143657 -0.057431724 N
-16.506731 -2.4420853 -0.049312398 N
-19.692924 -2.7859094 -0.07129762 N
-23.50533 -3.0195875 -0.41711098 N
-26.941126 -2.826101 -0.8351613 N
-30.914865 -2.2495065 -1.2494031 N
-34.0322 -2.0423508 -1.5894388 N
-36.630016 -2.3388371 -1.6562749 N
-39.59857 -3.2617192 -1.2668228 N
-42.098038 -3.9296656 -1.1106284 N
-45.023464 -4.852434 -0.79311574 N
-47.488293 -5.9380145 -0.0907026 N
-49.21838 -6.637828 0.4973731 N
-51.29215 -7.4856434 0.7015242 N
-53.23491 -8.527916 0.99761665 N
-55.882935 -9.288952 1.4267688 N
-56.35664 -10.744983 2.7851756 N
-55.413765 -11.622525 3.6371326 N
-53.480717 -11.351345 3.5831738 N
-51.22515 -10.393485 3.0512464 N
-49.227283 -9.308951 2.407494 N
-46.64267 -8.229541 1.3918438 N
-44.314796 -6.731488 0.54430735 N
-41.57359 -5.188071 -0.41903254 N
-38.466248 -4.3011465 -0.97954816 N
-35.731323 -3.9727852 -1.3927568 N
-32.27887 -4.6154075 -1.514701 N
-29.611547 -5.873069 -1.79494 N
-26.87652 -4.917202 -2.2536097 N
-24.049707 -3.5825586 -2.1328607 N
-21.472776 -2.657898 -2.101566 N
-18.052326 -2.1195128 -2.091644 N
-15.29287 -1.7616822 -1.9545536 N
-12.651656 -1.4647151 -1.8176486 N
-10.427673 -1.0582297 -1.9232175 N
-8.098995 -0.8084633 -1.877568 N
-5.123139 -1.4524947 -1.3531977 N
-2.9034698 -1.751423 -1.0962725 N
-0.15962623 -2.1193123 -1.2336081 N
2.2107084 -2.1418166 -1.437887 N
3.886484 -2.0408778 -1.4956267 N
5.164861 -1.8097235 -1.3779496 N
6.0281067 -1.8293248 -1.3194029 N
6.3561068 -1.8386234 -1.2648306 N
6.2504935 -1.8878566 -1.1443996 N
6.084256 -1.9576651 -1.1455792 N
6.0186467 -1.9392056 -1.1428454 N
6.0452156 -2.0455055 -1.2925818 N
5.961125 -2.1259277 -1.3708336 N
5.8639336 -2.2957215 -1.4760134 N
6.092839 -2.257388 -1.3301502 N
6.3620224 -2.305061 -1.5016186 N
6.528187 -2.250673 -1.5505035 N
6.6910605 -2.0925713 -1.6182543 N
6.7899723 -1.812185 -1.4943161 N
7.126897 -1.7073902 -1.3809292 N
7.8314357 -2.0426054 -1.3148757 N
8.434137 -2.2267368 -1.3163505 N
9.022979 -2.7810555 -1.1292787 N
9.341141 -3.0234358 -0.8851533 N
9.646153 -3.4613113 -0.90244776 Y
9.960703 -3.67156 -0.91415405 Y
10.134577 -3.989232 -1.16443 Y
10.22679 -4.1667852 -1.3917224 Y
10.249053 -4.426183 -1.7139767 Y
10.106272 -4.673868 -1.6510425 Y
10.532986 -4.876129 -1.1016387 Y
10.903591 -5.2764373 -0.8462215 Y
11.300937 -5.5779085 -0.8232777 Y
13.415777 -4.4604864 -0.5471689 Y
15.855582 -3.471446 -0.44257745 Y
18.50629 -3.2481673 -0.4510231 Y
22.210663 -2.5772457 0.4814141 Y
26.08824 -2.045218 1.6045811 Y
30.007998 -1.3075452 3.395753 Y
33.18684 -0.7499786 4.38945 Y
36.07332 -0.43193737 5.2443027 Y
39.795475 -0.8439943 5.791943 Y
43.050186 -1.6451141 6.2484174 Y
46.185062 -1.0347027 6.9163465 Y
48.490223 -0.06302877 7.588061 Y
50.644978 0.374618 7.763179 Y
52.438766 0.6336346 7.4246373 Y
53.58111 1.2155166 7.15462 Y
55.22966 1.6774794 6.8233585 Y
58.972763 1.3147261 6.4735293 Y
61.040405 0.09647558 5.6535773 Y
61.559547 -0.19165237 5.273256 Y
60.600246 -0.7451542 4.678758 Y
58.397095 -0.41735625 4.6655984 Y
55.342216 -0.79442406 4.480696 Y
52.728214 -1.2549403 4.8175325 Y
49.8096 -1.2248131 5.294236 Y
46.529243 -0.7513046 5.8008904 Y
43.757236 -0.93031687 5.886915 Y
39.382523 0.045158535 6.1966214 Y
36.372707 1.0362958 6.112122 Y
33.474155 1.0832491 5.395892 Y
30.134035 1.0906858 4.609555 Y
27.462332 0.8199135 3.8945792 Y
23.917355 0.16699299 3.3391998 Y
21.274952 -0.70964146 3.0681942 Y
18.570257 -1.2699126 2.7877312 Y
16.286009 -2.124697 2.3869848 Y
14.395005 -2.9565454 1.9087036 Y
12.234927 -3.064214 1.2092404 Y
10.569377 -3.0362701 0.9052313 Y
8.34165 -2.0673618 0.8146595 Y
6.5915923 -1.3131082 0.8702923 Y
4.716039 -1.1942424 0.9691001 Y
1.9363196 -0.7166867 1.0398905 Y
-0.29959956 -0.46793276 0.9646508 Y
-2.1449618 -0.5583336 0.6720499 Y
-3.5406096 -0.2545287 0.48821905 Y
-4.707299 0.10884314 0.2285991 Y
-5.265655 0.23721112 0.08434703 Y
-5.3797407 0.38613272 0.115812466 Y
-5.246717 0.31153172 0.23029584 Y
-5.0041 0.21672258 0.33946362 N
-4.8373075 -0.05594292 0.39383247 N
-4.5771933 -0.36291572 0.46599203 N
-4.3180957 -0.40688294 0.49077967 N
-4.1545706 -0.29852203 0.34761164 N
-3.9351926 -0.38390663 0.28016406 N
-4.0450425 -0.5152454 0.3431934 N
-3.1217935 -1.9048795 0.11713436 N
-2.171323 -2.5903075 -0.26790747 N
-1.7558931 -2.6821945 -0.42322102 N
-1.9142531 -2.4593818 -0.28276178 N
-2.2125614 -2.1646218 -0.08194529 N
-2.6806824 -1.5893486 0.1760896 N
-2.922493 -1.095096 0.13976082 N
-3.3633542 -0.6419959 0.31346503 N
-3.65514 -0.53075165 0.34877634 N
-3.7589247 -0.44504702 0.47005355 Y
-3.6933813 -0.435687 0.4531184 Y
-3.5482993 -0.3855577 0.36440554 Y
-3.6581888 -0.35909763 0.38206184 Y
-3.5925932 -0.43257314 0.39605317 Y
-3.2539272 -0.36112595 0.32144058 Y
-3.1184855 -0.17206044 0.14613163 Y
-3.327837 -0.47015342 -0.0830449 Y
-3.5439208 -0.36952898 -0.3193303 Y
-3.8838513 -0.23032048 -0.22827071 Y
-4.380582 -0.023267254 -0.1563313 Y
-5.112714 0.18972519 -0.16297854 Y
-6.3655815 0.4661688 -0.3264932 Y
-7.9870296 0.3338515 -0.35168302 Y
-9.745921 0.26879552 -0.35878846 Y
-12.515279 0.1055961 -0.42371368 Y
-15.79451 0.036701687 -0.27551615 Y
-19.796373 -0.46822992 -0.07641996 Y
-23.163498 -0.77900594 -0.23453847 Y
-25.68464 -0.73328304 -0.4838967 Y
-29.136307 -0.7647503 -0.9495599 Y
-32.561142 -1.0526253 -1.2854173 Y
-36.520496 -2.0985954 -1.0515049 Y
-39.5125 -3.08314 -0.7499458 Y
-41.759026 -4.136229 -0.46702722 Y
-45.259716 -5.36375 -0.19495584 Y
-48.000076 -6.4462066 0.31821543 Y
-50.527264 -7.772052 0.7771003 Y
-52.438915 -9.050816 1.0663936 Y
-54.23841 -10.667061 1.761841 Y
-56.180695 -10.490502 1.4915422 Y
-56.545532 -10.848049 1.9592499 Y
-56.26737 -11.030834 2.226253 Y
-55.311058 -11.708853 3.1706297 Y
-53.62744 -11.667442 3.6269624 Y
-51.1061 -10.410006 3.1001945 Y
-48.396065 -9.446871 2.5579658 Y
-45.744843 -8.432447 2.0133598 Y
-43.45868 -8.298574 1.8296863 Y
-40.782276 -7.4971027 1.1474906 Y
-37.283215 -5.9859934 0.44140843 Y
-34.05006 -5.3958254 0.12948707 Y
-30.828142 -4.780287 0.16977665 Y
-28.469137 -4.047392 0.17914605 Y
-25.484282 -2.9415433 -0.08757566 Y
-23.04803 -1.7122904 -0.3596407 Y
-21.121183 -0.70325726 -0.4986693 Y
-18.196386 -0.3267276 -0.60748994 Y
-15.834743 -0.056544654 -0.7516426 Y
-13.779039 -0.09683715 -0.80335915 Y
-12.533003 0.25282267 -0.83832234 Y
-10.967364 0.28020427 -0.740478 Y
-8.567242 0.1899069 -0.7651547 Y
-6.500967 0.07717344 -0.6469044 Y
-4.5207663 -0.3487597 -0.5247423 Y
-2.8360171 -0.5590183 -0.61841774 Y
-1.7036113 -0.30441493 -0.5199084 Y
-0.17099828 -0.8217835 -0.33263487 Y
1.4438639 -1.1879543 -0.2910798 Y
3.5672042 -1.1862293 -0.36415926 Y
5.523811 -1.0530518 -0.36047843 Y
7.0789204 -1.2174567 -0.22727932 Y
8.155567 -1.6687427 -0.2486057 Y
8.845046 -2.015963 -0.35074747 Y
9.0509405 -2.4810667 -0.60806745 Y
9.429872 -2.853304 -0.78446776 Y
9.71552 -3.0198095 -0.9704774 Y
10.1429615 -3.3107355 -1.0021795 Y
10.196889 -3.3072662 -1.0030302 Y
10.067254 -3.3637938 -0.9725994 Y
10.125602 -3.494446 -0.9528096 Y
10.214842 -3.784666 -1.0967366 Y
10.190098 -3.9553306 -1.2873007 Y
10.015199 -4.1097264 -1.3003691 Y
9.996368 -3.7914412 -1.0270957 Y
10.200761 -3.787117 -0.91419417 Y
10.292924 -3.7435262 -0.7602594 Y
10.5262165 -3.6814373 -0.83107346 Y
10.6704445 -3.5446317 -0.87502205 Y
10.608483 -3.876887 -0.98135495 Y
10.779277 -4.284649 -1.2491381 Y
10.817424 -4.613607 -1.4273068 Y
10.77647 -5.028164 -1.3816414 Y
10.767445 -5.1233716 -1.0969672 Y
10.706949 -4.99708 -0.9653733 Y
10.2606945 -5.025214 -0.6962169 Y
10.361632 -4.943233 -0.7211522 Y
10.531511 -5.0539956 -0.7418075 Y
10.581212 -5.034951 -0.88236266 Y
10.596579 -5.0532 -0.83477026 Y
10.959227 -4.9609156 -0.9533054 Y
11.067459 -5.005163 -1.0118501 Y
11.319091 -4.666355 -1.0548826 Y
11.40734 -4.554162 -0.90034306 Y
11.472522 -4.4592004 -0.772914 Y
11.8900385 -4.056286 -0.38064572 Y
12.346066 -3.9068244 -0.10787218 Y
12.562311 -4.121812 0.07857362 Y
13.151844 -4.185275 0.36334527 Y
14.080226 -4.193876 0.54593444 Y
15.42962 -3.458786 0.91325164 Y
16.983438 -3.0928638 0.99208134 Y
19.128122 -2.6340106 1.0939595 Y
22.44282 -1.7637339 1.7532053 Y
25.557308 -1.1874471 2.442056 Y
28.626139 -0.9100342 3.3297741 Y
31.165508 0.08260106 4.2542567 Y
33.421253 0.9348014 4.9457803 Y
36.335117 0.6559896 5.569408 Y
39.362797 -0.26253715 5.8850145 Y
42.693733 -1.1507006 5.88408 Y
45.127563 -1.3559722 5.965478 Y
46.92753 -1.007462 6.067938 Y
48.85315 -0.26945615 6.635065 Y
50.32246 0.3901977 7.11284 Y
52.59617 1.1207788 7.8050356 Y
54.556057 2.0537963 8.025443 Y
55.874187 2.8106885 7.7590666 Y
57.94547 3.114927 7.660543 Y
58.536613 2.2150178 7.0192595 Y
58.104446 1.926559 6.553472 Y
56.81843 1.9348682 6.080943 Y
55.448463 1.5926799 5.7765713 Y
53.867344 1.0348579 5.7583804 Y
52.114666 0.855611 5.8714747 Y
50.409195 0.62733555 6.100051 Y
49.267128 -0.01760655 5.865025 Y
48.1235 -0.20212355 5.7010603 Y
46.357166 -0.36287788 5.394471 Y
44.715816 -0.7374725 5.0869794 Y
41.46554 0.27437317 5.012199 Y
37.763023 0.44887522 4.452367 Y
35.109745 -0.09501925 3.5686865 Y
32.624924 -0.43446478 2.8232214 Y
30.441204 -0.7643632 2.2258368 Y
27.29253 -0.40099666 1.6050669 Y
24.755209 -0.3645983 1.202034 Y
21.578897 -0.78984565 1.1049521 Y
19.239044 -1.259951 0.94792974 Y
17.236744 -2.089401 0.7256131 Y
14.450753 -2.994416 0.32302353 Y
12.383312 -3.714051 -0.09513528 Y
11.151423 -3.72806 -0.36061093 Y
10.201833 -3.7805188 -0.6119567 Y
9.175623 -3.3565319 -0.8901706 Y
7.9845433 -2.7243314 -1.2462159 Y
6.6859155 -2.1004097 -1.203786 Y
5.8486757 -1.5227586 -1.1288295 Y
5.4250255 -1.4156327 -0.8869299 Y
5.395934 -1.2987722 -0.74243504 Y
5.475122 -1.349308 -0.6178629 Y
5.506133 -1.3062189 -0.50784373 Y
5.6387897 -1.3407893 -0.42360258 Y
5.7416987 -1.5137677 -0.4302957 Y
5.7487283 -1.454096 -0.49389163 Y
5.7280107 -1.4456677 -0.585428 Y
5.869549 -1.4516809 -0.79304856 Y
5.985579 -1.3672487 -0.9024076 Y
6.0260367 -1.5500679 -1.0458264 Y
5.842579 -1.536706 -1.077583 Y
6.0044317 -1.6850989 -1.0409228 Y
6.1145163 -1.7342799 -0.93762964 Y
6.074607 -1.5727235 -0.8426357 Y
5.952142 -1.7227772 -0.8844963 Y
5.90057 -2.1532228 -0.88731885 Y
5.849249 -2.4091923 -1.0067787 Y
5.695809 -2.400408 -1.1284722 Y
5.696876 -2.4289947 -1.185093 Y
5.3276725 -2.5987136 -1.3116167 Y
5.0605273 -2.4718525 -1.4271564 Y
4.6728673 -2.4059987 -1.5370269 Y
4.491992 -2.5007548 -1.5117925 Y
4.193053 -2.2543886 -1.4543297 Y
3.7156923 -2.060091 -1.284718 Y
3.1804767 -1.9158264 -1.0715036 Y
2.8789825 -1.7961202 -0.81823444 Y
2.0604763 -1.8727773 -1.1053396 Y
0.7464738 -1.8225763 -1.2729175 Y
-0.5444037 -2.1311305 -1.2024645 Y
-4.009194 -1.5073392 -1.1540816 Y
-7.742817 -1.0353467 -0.9135463 Y
-12.512034 -1.1816702 -0.9766395 Y
-17.232912 -1.3349661 -0.6686594 Y
-20.758686 -1.5288104 -0.5162791 Y
-23.883747 -2.5778122 -0.2906388 Y
-26.21393 -3.0336082 -0.20876081 Y
-28.083286 -3.311697 -0.5796609 Y
-30.431324 -3.239679 -1.1646142 Y
-33.01203 -2.3528254 -1.4413112 Y
-36.133114 -2.3973198 -1.2403934 Y
-38.375824 -2.59884 -1.1870037 Y
-39.797096 -3.4587386 -1.1194781 Y
-42.51721 -4.6752334 -1.1832556 Y
-44.92472 -5.02811 -1.1281548 Y
-46.939545 -5.948533 -0.7392955 Y
-48.915848 -7.528589 0.19771938 Y
-50.360916 -8.837068 1.427389 Y
-51.556274 -10.085881 2.280935 Y
-53.104374 -11.339133 2.8908632 Y
-54.52695 -12.306309 3.7297928 Y
-56.06242 -12.89565 4.123246 Y
-57.028908 -12.902589 3.8318129 Y
-57.296818 -13.044027 3.6212978 Y
-56.959167 -14.160039 4.9250593 Y
-56.54073 -15.179484 5.964785 Y
-55.696495 -15.641584 6.8899865 Y
-53.502647 -15.753088 7.2067313 Y
-51.521877 -15.994811 6.9089746 Y
-48.121517 -14.717431 5.089021 Y
-45.28247 -13.283505 3.787974 Y
-42.429993 -11.9020405 2.7472978 Y
-39.73509 -10.687192 2.1798768 Y
-36.4926 -10.01191 1.8239056 Y
-33.33134 -10.168128 1.3045547 Y
-29.110973 -10.112411 1.180323 Y
-25.47326 -9.201642 0.95823556 Y
-22.746939 -8.196931 0.96429473 Y
-19.041134 -7.0353413 1.0183344 Y
-15.702789 -5.2466846 0.6842633 Y
-12.323291 -4.1806793 0.3820432 Y
-9.324126 -3.7894287 -0.016223254 Y
-6.9450665 -3.2644198 -0.33106247 Y
-4.151442 -2.6988382 -0.3264374 Y
-1.8564024 -2.505668 -0.47800088 Y
0.87465024 -2.7195067 -0.4655119 Y
3.1604788 -2.8346426 -0.39075786 Y
4.8587804 -2.961268 -0.1686319 Y
6.6330204 -3.417132 0.11506048 Y
7.7795696 -3.9028227 0.3382776 Y
8.684948 -4.152724 0.47044504 Y
9.282656 -4.3181434 0.4496305 Y
9.524328 -4.493879 0.4902154 Y
9.624894 -4.396151 0.43748158 Y
9.853901 -4.1596336 0.5088744 Y
9.941886 -4.1119447 0.3817613 Y
9.881226 -4.6164103 0.1843464 Y
9.9724865 -5.1293592 0.11465099 Y
9.97969 -5.493309 0.064005725 Y
10.0712595 -5.5649595 -0.032430477 Y
10.119168 -5.275047 -0.046546776 Y
10.004999 -4.9593873 0.09974648 Y
9.926402 -4.602343 0.09808304 Y
10.11929 -4.3465514 0.093480006 Y
10.24903 -4.2511673 0.12480377 Y
10.331173 -4.287939 0.2460361 Y
10.323419 -4.7740545 0.33109558 Y
10.479565 -5.454749 0.32290438 Y
10.548397 -5.6972375 0.515456 Y
10.837218 -5.729288 0.66834193 Y
11.008278 -5.6450567 0.76419985 Y
11.373052 -5.603365 0.78009504 Y
11.891965 -5.8052473 0.72929317 Y
12.825666 -5.514221 0.71302927 Y
13.984469 -4.921633 1.015379 Y
14.890627 -4.8934445 1.2049214 Y
16.208046 -4.331065 1.3409369 Y
17.70862 -3.944704 1.4564506 Y
19.616077 -4.316554 1.4121119 Y
22.056353 -4.2296557 1.7055819 Y
24.754837 -3.3150015 2.4005291 Y
28.811491 -2.950955 3.3572557 Y
32.385597 -2.058383 4.36315 Y
36.660275 -1.7238216 5.1887093 Y
40.653168 -2.6259027 5.671449 Y
43.43849 -3.5086803 5.7059093 Y
45.864185 -3.7380397 6.0479946 Y
47.65991 -3.2703292 6.574316 Y
49.67153 -1.8532379 7.3573613 Y
51.10132 -1.1964931 7.497808 Y
52.18594 -0.7648549 6.9568667 Y
53.91038 -0.24058233 6.2525215 Y
55.9695 -0.21572395 5.816247 Y
58.34045 -0.06597094 5.6016717 Y
60.684376 -0.020584395 5.6170506 Y
62.186924 -0.1991894 5.3773403 Y
62.16361 -1.6124326 4.6254983 Y
61.04422 -2.3211052 4.4441013 Y
59.445114 -3.0243175 4.449889 Y
56.233234 -3.5351408 3.9701693 Y
53.419518 -3.8999372 3.7983608 Y
50.835026 -3.8258576 4.1729503 Y
46.96637 -3.5937726 4.137987 Y
43.853188 -3.3853467 3.820026 Y
40.044376 -2.1657903 3.4738495 Y
36.925003 -1.3738679 3.3653946 Y
34.930115 -1.1050146 3.2990425 Y
31.94009 -0.7910571 2.7420075 Y
29.09719 -0.94141954 2.1631165 Y
24.879421 -1.0291712 1.4542048 Y
21.226933 -1.5290176 1.1002465 Y
18.690208 -1.9983324 0.9567652 Y
16.198742 -2.7178988 0.8259086 Y
14.101517 -3.27629 0.5604168 Y
12.201943 -3.4255354 0.47793832 Y
10.990195 -3.379947 0.2211234 Y
10.189057 -3.6320887 0.12243709 Y
8.997038 -3.5673563 -0.013189808 Y
7.815501 -2.7016098 -0.02615167 Y
5.744513 -2.2388825 -0.10567325 Y
3.376382 -2.0326738 -0.11376885 Y
1.2207112 -1.5216373 -0.39748308 Y
-0.4015065 -1.3287735 -0.64323497 Y
-2.1520584 -1.343346 -0.7760258 Y
-3.3259785 -1.0085046 -0.7778436 Y
-4.3219743 -0.62540156 -0.83688664 Y
-5.517845 -0.27766007 -0.69894296 N
-6.2033315 -0.27456996 -0.4284028 N
-6.264611 0.0221494 -0.31325087 N
-6.242981 0.041399583 -0.24659269 N
-6.147226 0.09418529 -0.2554153 N
-5.975667 -0.10183806 -0.30488908 N
-5.263421 -0.51640576 -0.41491428 N
-5.01 -0.5503938 -0.26093513 N
-4.506887 -1.1385772 -0.13698336 N
-4.1496325 -1.478312 -0.030384082 N
-3.967975 -1.4187801 0.20176591 N
-3.7320216 -1.2907034 0.44987968 N
-3.275434 -1.2143859 0.37992728 N
-2.020326 -2.1484973 0.18745708 N
-1.3437258 -2.917818 -0.040759 N
-1.3683718 -2.9060256 -0.20251653 N
-2.1642175 -2.147056 0.109511994 Y
-2.9367378 -1.567701 0.4107927 Y
-3.5115807 -1.3040543 0.64554566 Y
-3.7155116 -1.459393 0.7442735 Y
-3.8202152 -1.7246152 0.7458518 Y
-3.7471564 -1.9525127 0.8183 Y
-3.8277967 -2.180713 0.8263306 Y
-3.9055026 -2.0954194 0.87768954 Y
-3.9099557 -2.0028396 0.84139025 Y
-4.0443296 -1.9436826 0.74220157 Y
-4.292695 -1.8324302 0.7132514 Y
-4.9009676 -1.3835523 0.6721025 Y
-4.7088556 -1.7439641 0.7814518 Y
-4.7793093 -2.3038907 0.89575374 Y
-6.197271 -3.485979 0.9683394 Y
-8.070132 -3.8198805 1.0088432 Y
-11.820644 -3.7630484 1.0109841 Y
-15.776144 -3.2459517 1.0568473 Y
-19.994732 -2.5037498 1.0493878 Y
-23.46217 -2.565529 1.0635023 Y
-26.206099 -2.5935352 0.7641962 Y
-29.983376 -2.908556 0.62229437 Y
-33.64702 -3.3487694 0.85799205 Y
-37.653236 -4.572966 1.5386108 Y
-40.563057 -5.6293077 1.4467733 Y
-42.53589 -7.0065823 1.842539 Y
-45.448536 -8.287367 1.8914356 Y
-47.93626 -9.145679 1.6927891 Y
-49.784676 -9.444918 1.0851047 Y
-51.244457 -10.383952 1.5668381 Y
-52.35174 -10.723635 1.7726145 Y
-54.07517 -11.210519 2.2754536 Y
-54.948868 -11.753639 2.4562256 Y
-55.993866 -11.611953 2.3551886 Y
-56.576458 -11.669301 2.465098 Y
-57.25213 -11.411019 2.3894534 Y
-57.38323 -11.827616 3.2139797 Y
-57.29214 -12.2500515 3.6320636 Y
-56.703655 -12.929378 4.0404134 Y
-55.935028 -13.07269 4.0367904 Y
-54.865845 -13.047165 3.528838 Y
-52.68065 -12.433766 3.1343496 Y
-50.448986 -11.5890875 3.0578666 Y
-47.059937 -10.950489 2.5383718 Y
-44.321297 -10.190548 2.1682525 Y
-42.77752 -8.906573 2.1219895 Y
-40.231247 -6.622135 1.5316685 Y
-38.528427 -4.8565946 1.2352742 Y
-35.622917 -3.6608899 0.7136784 Y
-33.15356 -3.590581 0.65474117 Y
-31.143679 -3.338122 0.7558099 Y
-29.228321 -2.9316459 0.81297845 Y
-27.517681 -2.482259 0.7263621 Y
-24.786446 -2.3573377 0.89637786 Y
-22.059612 -2.0016165 0.83704996 Y
-20.001774 -1.398483 0.715408 Y
-17.446566 -1.2684557 0.59370184 Y
-15.469206 -0.9082637 0.5156868 Y
-13.637734 -0.8275529 0.29235253 Y
-11.950451 -1.1067874 0.27942306 Y
-10.478807 -1.0965997 0.15264657 Y
-8.389798 -0.73395294 0.15410322 Y
-6.1767507 -0.7365524 0.35019526 Y
-4.012324 -0.896111 0.6351189 Y
-1.9627907 -1.2165691 0.6368168 Y
-0.2193286 -1.6926485 0.5853826 Y
1.9722077 -2.3302624 0.62492627 Y
3.7763197 -2.3467314 0.5038764 Y
4.8064995 -2.1622794 0.45212266 Y
5.4214497 -1.9769689 0.23365238 Y
5.7014832 -1.9694687 0.18726882 N
5.9395375 -1.8682992 0.17826314 N
5.9892263 -2.1161406 0.05877677 N
5.956869 -2.485043 0.028357925 N
5.866426 -2.6368318 -0.0039528864 N
5.8585086 -2.837111 -0.061899103 N
5.7996764 -2.7816937 -0.047319382 N
5.904319 -2.714788 -0.11554374 N
6.1344776 -2.6461072 -0.2624015 N
6.228894 -2.7572086 -0.39851794 N
6.1372166 -2.5773857 -0.27740464 N
6.2052274 -2.5681593 -0.14967234 N
6.454563 -2.6351726 -0.144703 N
6.620792 -2.680376 0.0049905735 N
6.704703 -2.3888035 0.17922096 N
6.9139175 -2.460143 -0.06930865 N
7.049275 -2.6891067 -0.009112645 N
7.3523016 -3.1403115 0.047120858 N
7.534067 -3.6755006 -0.009127559 N
8.102804 -4.1592693 0.030382486 N
8.687038 -4.571129 0.068891004 N
9.039083 -4.6570616 0.15816204 N
9.665153 -4.926705 0.2160175 N
9.894504 -5.1098456 0.043569744 N
10.271805 -5.1368785 0.031043125 N
10.171243 -5.2886915 -0.025815608 N
10.4094515 -5.4537787 -0.09736216 N
10.799497 -5.2559404 0.011816104 N
11.326175 -5.2561316 0.40300396 N
13.403105 -4.709617 0.92104703 N
15.859416 -4.103693 1.1325798 N
18.62471 -3.9458358 0.8507513 N
21.915445 -3.6042507 1.0938464 N
24.95142 -2.919032 2.1321366 N
28.80292 -2.3037086 3.181084 N
32.00111 -1.2846212 4.176256 N
35.618385 -0.8141955 4.713812 N
39.19942 -1.4418528 4.6991396 N
42.01573 -2.1820452 4.592827 N
44.263397 -2.1245039 4.956628 N
45.887604 -2.4852216 5.2548594 N
47.027084 -1.9731741 5.7154074 N
48.6109 -1.1372873 6.062533 N
49.99809 -1.1398414 6.704098 N
52.13912 -0.25933138 7.2173066 N
53.856556 0.47846094 7.0154977 N
55.544125 0.2859547 6.2609634 N
57.293777 0.664395 5.8378544 N
58.815224 0.373837 5.3766866 N
59.109768 0.4062541 5.2409563 N
58.519382 0.10137131 5.149693 N
58.330402 -0.21701327 5.030707 N
57.204845 -0.76580197 4.4863596 N
55.800415 -0.5731228 4.7001324 N
53.8226 -2.2738197 5.103834 N
51.609383 -3.6055756 5.5384107 N
48.695274 -4.4472423 5.79213 N
44.7429 -3.9411733 5.2052455 N
41.036503 -2.3441317 4.8179493 N
37.404408 -1.1520723 4.351661 N
35.188354 -0.5883643 4.3043337 N
33.98171 -0.08245056 4.419718 N
32.18612 0.44188955 4.3374095 N
29.941015 0.44600508 4.375532 N
26.970636 0.049691264 3.7503924 N
24.084301 -0.6753985 3.2234197 N
21.617672 -1.5965034 2.8380678 N
18.890951 -2.1278644 2.6015558 N
16.759377 -2.7014606 2.6069705 N
14.848644 -3.611762 2.8001676 N
13.616926 -3.811403 2.4908245 N
12.376844 -3.4823425 1.8689698 N
10.76387 -3.7195451 1.1508199 N
9.203729 -3.6285403 1.0335517 N
7.171958 -2.9984972 1.1539712 N
5.2277703 -2.5133688 1.3810438 N
3.001579 -2.01047 1.4013019 N
0.47161815 -1.5128652 1.3567709 N
-1.4102012 -1.1870787 1.4517841 N
-3.0233612 -1.0249369 1.3972208 N
-4.069866 -0.8987383 1.2444148 N
-4.762227 -0.7678109 1.0521535 N
-5.11168 -0.7374168 1.0416483 N
-5.2159853 -0.83990216 1.12592 N
-5.1597357 -0.9678303 1.195465 N
-5.2608128 -1.1001481 1.2485639 N
-5.3099904 -1.0063576 1.2002403 N
-5.315647 -1.0109102 1.0605589 N
-5.130317 -1.1672204 0.97285026 N
-4.9262824 -1.1354492 0.870076 N
-4.930047 -0.8716155 0.8130561 Y
-4.8423533 -0.79466337 0.91366833 Y
-4.6687407 -0.83699584 1.0424092 Y
-4.5901194 -0.9611312 1.196658 Y
-4.706582 -0.99930835 1.2227246 Y
-4.816638 -0.8821015 1.1235117 Y
-4.9263406 -0.774446 0.9403183 Y
-5.0531135 -0.96835417 0.8512024 Y
-4.9810705 -1.2035365 0.85087657 Y
-5.2490396 -1.3133132 0.80527663 Y
-5.589634 -1.0227526 0.8048021 Y
-5.9751287 -0.94688284 0.6798411 Y
-6.0648437 -0.82354426 0.65217984 Y
-6.656262 -0.65101165 0.53154486 Y
-7.642299 -0.8561926 0.66417044 Y
-8.767819 -1.1685156 0.90887016 Y
-10.626166 -0.8262507 1.100407 Y
-12.230821 -0.39014447 1.0549648 Y
-13.672534 -0.24306886 1.1734786 Y
-15.558995 -1.5160846 1.5203934 Y
-17.919252 -2.866278 1.9465317 Y
-21.494215 -4.253742 2.1527572 Y
-24.973892 -5.113252 2.0888612 Y
-28.072811 -5.0662594 1.7137475 Y
-32.15295 -4.4754314 1.7505219 Y
-35.57066 -4.2936034 1.8204621 Y
-38.825428 -5.0938673 2.1320677 Y
-40.814877 -7.0435576 2.447041 Y
-42.96984 -9.28601 3.0570376 Y
-45.248158 -11.133926 4.22085 Y
-47.012512 -12.909167 4.9556394 Y
-48.443348 -13.668442 4.890505 Y
-49.70156 -14.514571 5.270717 Y
-50.83403 -15.119162 5.87248 Y
-52.299526 -16.415539 6.6752825 Y
-53.703445 -17.859562 7.3683863 Y
-54.99903 -19.935785 8.17373 Y
-55.810284 -20.968359 8.5107765 Y
-56.571762 -21.491045 8.869037 Y
-56.492817 -21.222864 8.775568 Y
-54.82396 -20.388727 8.456297 Y
-51.91614 -19.650583 8.295367 Y
-49.302868 -18.358604 7.6856723 Y
-46.03998 -16.933605 6.9553003 Y
-43.201588 -13.680488 5.4817996 Y
-39.57064 -10.10847 4.1928573 Y
-36.39292 -7.4895387 3.2706733 Y
-33.56109 -6.213519 2.4843223 Y
-30.975374 -4.946383 2.1816065 Y
-28.836927 -4.3943872 2.2974498 Y
-26.517014 -3.6504195 2.0874286 Y
-24.337267 -3.1115441 1.8448801 Y
-22.066074 -2.6022034 1.6003054 Y
-19.338078 -1.8411338 1.2673999 Y
-16.735119 -1.3733289 0.8925931 Y
-13.729525 -1.4850346 0.6901424 Y
-10.8195305 -1.6995581 0.45349127 Y
-8.331042 -1.21923 0.13364512 Y
-5.502284 -1.6354549 0.2459931 Y
-3.6438162 -1.8755407 0.45154828 Y
-2.0785959 -2.1255286 0.40075323 Y
-0.7245067 -2.1423233 0.030551571 Y
0.6492913 -2.0715837 -0.238345 Y
2.752893 -2.1442206 -0.6934777 Y
4.2925267 -2.0572095 -0.8836037 Y
5.0727077 -1.9345899 -0.99813515 Y
5.518328 -1.6962821 -0.8339169 Y
5.9826427 -1.6320724 -0.77824414 N
6.4289026 -1.7621821 -0.888504 N
6.566432 -1.9225069 -0.86235076 N
6.606777 -2.0167842 -0.8700338 N
6.256773 -2.137364 -0.8677948 N
6.3545413 -2.1168318 -1.0641307 N
6.484533 -2.1571484 -0.99783987 N
6.7142363 -2.0190063 -0.7252026 N
6.8958626 -2.0851128 -0.5363072 N
7.128965 -1.930216 -0.28769258 N
7.4428506 -1.9741142 -0.2079384 N
7.860532 -2.3808227 -0.2367733 N
8.068628 -2.7465608 -0.19697131 N
8.530359 -3.2499435 -0.36173904 N
9.0369625 -3.8258216 -0.39706582 Y
9.424642 -4.394756 -0.38346326 Y
9.718139 -4.645532 -0.41410097 Y
10.161985 -4.907485 -0.39008647 Y
10.389647 -4.9617047 -0.3957024 Y
10.4510765 -4.924403 -0.27008194 Y
10.467476 -5.1118274 -0.07588979 Y
10.793759 -5.0756125 0.14706059 Y
11.145083 -4.880164 0.30917168 Y
11.740891 -4.8314457 0.6461261 Y
12.966335 -4.418133 0.8805008 Y
15.002111 -3.4447172 1.3079882 Y
17.07025 -2.664512 1.4270223 Y
18.746107 -2.6413987 1.7812463 Y
20.493727 -3.1794748 2.0478988 Y
24.387457 -3.2624836 3.042012 Y
27.799854 -3.4079072 4.3101263 Y
31.758577 -3.6783524 6.1997886 Y
34.93395 -3.2834177 6.4867587 Y
37.82393 -3.27939 6.3426876 Y
40.56905 -3.7457302 6.1795278 Y
42.435795 -4.0023384 5.7415633 Y
43.857002 -3.0913382 5.546224 Y
44.9831 -2.6885624 5.033629 Y
46.668663 -2.0210023 5.199396 Y
48.502575 -1.4407814 5.5576453 Y
50.194756 -1.3664414 5.916554 Y
51.48632 -1.2778512 5.7595572 Y
52.73672 -0.7871684 5.577791 Y
53.834267 0.31771854 5.774085 Y
55.395138 0.5095407 5.917567 Y
55.45346 -0.45597222 6.113592 Y
54.295185 -1.2128153 5.8233185 Y
52.933353 -1.8230325 5.489117 Y
50.809673 -2.432831 5.4968867 Y
48.963318 -2.8834703 5.5761557 Y
46.046387 -3.287268 5.190621 Y
43.11088 -2.9884439 4.8770494 Y
39.384727 -1.5261017 5.1254926 Y
36.059227 -0.6695599 5.1071963 Y
33.779972 -0.8019081 4.9083586 Y
31.740263 -0.96334493 4.371097 Y
29.237719 -1.4694523 3.6495821 Y
26.260082 -1.0808222 2.9957628 Y
23.385853 -1.3204889 2.4844763 Y
20.930828 -1.7812953 2.1003718 Y
18.63323 -2.3859267 2.0053718 Y
16.38073 -3.0528965 2.0483167 Y
13.232251 -3.5139396 1.4752462 Y
11.15127 -3.2879045 0.86487067 Y
9.708199 -3.1801584 0.7429861 Y
7.9477553 -2.4389434 0.46690816 Y
6.0400977 -2.1084163 0.5401057 Y
3.7028115 -1.9667472 0.5788864 Y
1.923355 -1.7645537 0.586431 Y
0.425885 -1.6498517 0.58837724 Y
-0.9805637 -1.4015689 0.81545126 Y
-2.1730611 -1.104312 0.84002465 Y
-2.9933155 -0.91853744 0.80795026 Y
-3.6994395 -0.750708 0.603278 Y
-3.9833956 -0.7439555 0.594701 Y
-4.318407 -0.760975 0.5519635 N
-4.6824336 -0.7848311 0.50301814 N
-4.8313303 -0.99324423 0.4903711 N
-4.7128243 -0.9010355 0.5203354 N
-4.35185 -0.96679425 0.52422935 N
-3.8930807 -1.0745265 0.57759786 N
-3.9410973 -0.5963001 0.46827856 N
-4.014673 -0.5026487 0.4158987 N
-4.1857543 -0.71947545 0.43964 N
-4.495492 -0.65576655 0.48162448 N
-4.8411403 -0.36315787 0.54199094 N
-5.117219 -0.091211304 0.5111335 N
-5.4803205 0.29380065 0.6148457 N
-5.942612 0.43725318 0.6406078 N
-6.2497697 0.16655035 0.73549294 Y
-6.1282706 -0.19108032 0.5976693 Y
-6.0650535 -0.34369683 0.7146943 Y
-6.6620297 -1.8492627 0.9874542 Y
-7.191112 -3.2727249 1.1693377 Y
-8.448728 -3.9284003 1.2639104 Y
-9.680104 -4.3383856 1.5106137 Y
-10.760444 -4.7107086 1.8278477 Y
-12.392235 -4.7894764 1.7467041 Y
-14.085433 -4.3117447 1.6284511 Y
-17.157585 -4.4449825 1.9451426 Y
-20.016003 -4.580574 1.9184635 Y
-22.585333 -5.118573 2.0912304 Y
-25.804327 -5.520383 1.7384753 Y
-29.24749 -5.320356 1.7297801 Y
-33.614105 -5.561789 2.0138357 Y
-37.2145 -6.188782 2.3418493 Y
-40.30552 -7.7163854 2.4780202 Y
-43.378174 -9.239885 2.85851 Y
-46.138607 -10.143462 3.213084 Y
-48.959095 -11.026502 3.5540235 Y
-51.325832 -12.090169 3.6535692 Y
-53.04052 -13.191986 4.063849 Y
-53.88381 -12.909158 3.7027128 Y
-55.209408 -14.121101 4.3348956 Y
-56.00903 -15.841007 5.7359443 Y
-55.98493 -17.345648 7.2034492 Y
-55.01329 -17.938904 7.8922358 Y
-52.659992 -16.933245 7.6036997 Y
-50.189777 -16.04665 7.543195 Y
-47.083645 -14.044616 6.3830276 Y
-43.67131 -12.214983 4.9948187 Y
-39.96595 -11.377734 3.9067461 Y
-34.83601 -10.342878 3.0392978 Y
-30.690742 -9.497788 2.6982086 Y
-27.292315 -7.528588 2.464498 Y
-24.270199 -6.349488 2.1328697 Y
-21.88322 -5.452294 1.8205365 Y
-18.548542 -4.9238353 1.7976652 Y
-15.732218 -3.7616696 1.4378535 Y
-12.497212 -3.3190844 1.1094748 Y
-9.579442 -3.1100059 0.7789649 Y
-6.512944 -3.5274084 0.666074 Y
-4.037775 -3.6611836 0.63443744 Y
-1.791682 -3.5938761 0.22607334 Y
0.25030434 -3.7669094 -0.13885926 Y
1.8451297 -3.6937344 -0.5273262 Y
3.479824 -3.636014 -0.7487588 Y
4.574453 -3.7403674 -0.94596773 N
5.0738025 -3.5371113 -1.0650755 N
5.2630963 -3.4563057 -1.1798856 N
5.494256 -3.493836 -1.2778718 N
5.4890957 -3.4293566 -1.2997468 N
5.400628 -3.3639193 -1.0601703 N
5.529286 -3.136791 -0.833287 N
5.4220514 -3.051068 -0.7201208 N
5.4773035 -2.9085038 -0.7411069 N
5.774128 -2.9276958 -0.84940755 N
6.0449324 -2.9304407 -0.8908661 N
6.3015504 -3.0275133 -0.8535177 N
6.343765 -3.1057053 -0.7685336 N
6.520476 -3.0480385 -0.6713036 N
6.499073 -2.6755955 -0.5969967 N
6.2877235 -2.3168802 -0.33391207 N
6.261663 -2.2633388 -0.19811545 N
6.5949345 -2.4736795 -0.18410555 N
6.7941513 -2.3834207 -0.11082874 Y
7.122672 -2.1928976 0.05784068 Y
7.3206983 -2.1036406 0.066220894 Y
7.50079 -2.0276597 0.14965661 Y
7.739007 -2.2946582 -0.04043656 Y
7.9892626 -2.6596816 -0.2869133 Y
8.6218815 -2.9339256 -0.29368722 Y
8.952176 -3.308368 -0.3766957 Y
9.038628 -3.6449213 -0.18654595 Y
9.471802 -4.506099 -0.019996133 Y
10.202278 -5.2981915 0.49382642 Y
11.067254 -5.5697966 0.5061183 Y
12.290872 -5.589462 1.0352944 Y
13.694743 -5.154991 1.360634 Y
16.635048 -4.4625587 0.89728016 Y
19.973671 -3.6758647 0.2286666 Y
23.475313 -2.8177762 0.6110402 Y
27.502207 -2.1908236 2.0127304 Y
30.603844 -1.7217916 3.359148 Y
34.408623 -2.192415 4.178527 Y
37.797024 -2.7748837 4.6676645 Y
40.431774 -3.4112575 4.896096 Y
42.79263 -3.1322339 5.06152 Y
44.763676 -2.164568 5.1366568 Y
46.399868 -1.5202637 4.992736 Y
48.234753 -1.1073453 5.5103936 Y
49.640026 -1.3050746 5.5875072 Y
51.08032 -0.92878884 5.4723234 Y
52.596954 0.015869211 5.5008626 Y
54.04438 0.30953288 5.4973717 Y
56.355408 -0.073080614 5.4554114 Y
58.42974 -1.0164332 5.3968625 Y
60.073097 -1.5820335 4.835414 Y
61.771908 -1.9467891 4.037832 Y
62.917473 -2.0656497 3.357622 Y
63.214603 -2.1752017 2.9619222 Y
63.241844 -2.1298482 3.033561 Y
62.319946 -2.6364279 3.0545733 Y
61.492584 -3.199529 2.8508549 Y
60.237423 -3.5526068 2.7336154 Y
58.439873 -3.356321 2.4908373 Y
55.27789 -3.3871417 2.490127 Y
52.892105 -4.1122413 2.3995984 Y
51.269466 -4.984038 2.35729 Y
49.443848 -5.7059026 2.2734048 Y
47.925114 -6.0218453 2.5413976 Y
45.429955 -5.719987 2.1159353 Y
42.62021 -4.16959 2.0542357 Y
40.18859 -3.0321465 1.8085436 Y
37.50556 -2.7840114 1.6398478 Y
35.387295 -2.7235665 1.2873244 Y
33.289463 -2.3137448 1.1850809 Y
31.041811 -2.1251543 0.9828247 Y
28.691198 -2.0061276 0.46779326 Y
25.62124 -1.3811803 0.2681363 Y
22.388657 -1.4001229 0.1409295 Y
19.584522 -1.6435547 0.21433896 Y
17.50576 -1.6950371 0.52461696 Y
16.243061 -1.8510809 1.0265005 Y
14.570028 -2.3664594 1.1093104 Y
13.002267 -2.7800288 1.0480846 Y
11.782887 -3.6765811 0.84556323 Y
10.477713 -4.243382 0.43566757 Y
9.3276615 -3.9803224 0.31847385 Y
7.772442 -2.9945092 0.1923742 Y
6.550812 -2.3094356 0.18976356 Y
5.522049 -2.180943 0.1924265 Y
4.1113396 -1.9018282 0.4403321 Y
3.136919 -1.607959 0.61358863 Y
2.3607912 -1.3968985 0.92053914 Y
2.0364726 -1.5584373 1.0099239 Y
2.0115435 -1.7901571 0.9408532 Y
2.1844928 -1.9661182 0.8440069 Y
2.2645123 -1.8328282 0.7830055 Y
2.6623352 -2.0716393 0.8879804 Y
2.991969 -2.2907107 0.7907577 Y
3.0656242 -2.3796294 0.9171348 Y
3.348075 -2.4099517 0.73780435 Y
3.3182461 -2.3838346 0.64674264 Y
3.3001509 -2.3254278 0.6639877 Y
3.4239314 -2.311528 0.72500503 Y
3.4820247 -2.433693 0.75340414 Y
3.278871 -2.2894597 0.8617947 Y
3.0876203 -2.2502337 0.7735064 Y
3.0826719 -2.3241014 0.6352266 Y
2.8843052 -2.2056625 0.5316646 Y
2.8691301 -2.2078564 0.42707235 Y
2.9614055 -2.070341 0.28844833 Y
2.8481052 -2.335113 0.22848025 Y
2.5766056 -2.302834 0.21379267 Y
2.0911577 -2.2339401 0.22085935 Y
1.4930074 -1.7148536 0.11734301 Y
1.1725746 -1.5187765 -0.062031236 Y
0.8381619 -1.4052671 -0.10094055 Y
0.62654287 -1.1420754 0.01739448 Y
0.4046519 -0.95907587 0.16289979 Y
-0.06718366 -0.8184801 0.33363995 Y
-0.4946626 -0.7099463 0.4797877 Y
-1.0394421 -2.0490386 0.6108473 Y
-2.757246 -2.6725194 0.45053542 Y
-5.9728723 -3.0781736 0.55367595 Y
-9.53619 -3.1911025 0.88508534 Y
-13.11613 -3.3974214 0.6805845 Y
-17.768412 -3.415828 0.8967982 Y
-21.919569 -3.4555187 1.0680834 Y
-25.654396 -3.295329 0.84065974 Y
-28.955551 -2.594375 0.8072633 Y
-31.841698 -1.8744075 0.6554864 Y
-35.02914 -2.514473 0.89315087 Y
-37.6908 -3.06918 0.84501487 Y
-39.81381 -3.3323352 0.85548955 Y
-41.659912 -4.382033 0.9357694 Y
-43.508877 -5.9088793 1.3696378 Y
-46.002205 -7.2598515 2.046244 Y
-48.254696 -8.705726 2.8375697 Y
-50.17039 -9.359978 2.9212542 Y
-51.40056 -9.915864 2.8099444 Y
-52.712112 -10.322349 2.903512 Y
-54.528164 -11.448519 3.6045134 Y
-55.92849 -11.612094 4.0982285 Y
-56.659573 -11.876057 4.4682164 Y
-56.651806 -12.68539 4.811333 Y
-56.681187 -13.12815 5.3332553 Y
-56.574516 -13.434161 5.6716185 Y
-56.736607 -13.563557 5.651083 Y
-56.795135 -14.132033 5.755577 Y
-56.14616 -14.383335 5.867777 Y
-55.42002 -14.768849 5.9843082 Y
-53.892708 -15.116669 6.076849 Y
-52.872677 -15.402177 5.993728 Y
-50.791428 -14.525931 5.1241436 Y
-48.202534 -13.336112 3.872569 Y
-45.241653 -11.652383 2.905179 Y
-42.402763 -10.176677 2.027908 Y
-38.728493 -8.478986 1.1871821 Y
-35.474762 -7.795287 0.59979755 Y
-32.190903 -7.66739 0.44946924 Y
-28.72326 -7.200011 0.4952135 Y
-26.392899 -6.5374227 0.3761593 Y
-23.517975 -5.0342026 0.23295791 Y
-20.750519 -3.813968 0.2557342 Y
-18.798162 -2.6728497 0.1255566 Y
-16.18319 -2.012302 -0.014700341 Y
-13.885925 -1.6301482 -0.16098438 Y
-11.144813 -1.3135016 -0.35141516 Y
-8.518898 -1.3606948 -0.6880776 Y
-6.4070516 -1.6581284 -0.6522711 Y
-3.8229735 -1.5049623 -0.51954997 Y
-1.7390352 -1.6287625 -0.26721683 Y
0.83150303 -1.8771774 -0.059696015 Y
3.0563927 -2.0887053 -0.070147 Y
4.629104 -1.861344 -0.1303927 Y
6.044826 -1.6684405 0.03268928 Y
6.751349 -1.5856391 0.12335619 Y
7.138089 -1.7982965 0.24974522 Y
7.091205 -1.9357233 0.28602466 Y
7.140982 -2.0672748 0.32280198 N
7.4209137 -1.9504696 0.37022626 N
7.4889326 -1.9420236 0.52470416 N
7.729301 -2.0336938 0.46919182 N
8.110213 -2.1232178 0.42068285 N
8.278539 -2.2806923 0.33869874 N
8.589745 -2.3414853 0.24492075 N
8.958529 -2.3511615 0.37354326 N
9.096906 -2.416574 0.5257673 N
8.888497 -2.3549187 0.67525136 N
8.921405 -2.2601647 1.034447 N
9.074098 -2.1843433 1.3782667 N
9.324986 -2.41738 1.2852739 N
9.531598 -2.8696318 1.2105932 N
9.641073 -2.7676866 1.1344298 N
9.810722 -2.7494066 1.080166 N
9.846088 -2.802676 0.93994194 N
9.78712 -2.9783237 0.7988934 Y
9.875854 -2.9028544 0.72458196 Y
10.008251 -3.0331438 0.76073444 Y
10.06984 -2.9933736 0.82428926 Y
10.235106 -2.8699365 0.8658118 Y
10.138656 -3.0030491 0.9516894 Y
10.166476 -3.227293 1.0737507 Y
10.070794 -3.1096678 1.35878 Y
10.011864 -2.982843 1.6500896 Y
10.090648 -2.8404377 1.6792561 Y
10.402447 -2.9704614 1.8388128 Y
11.158771 -3.4755204 1.98856 Y
13.123 -3.0790176 2.594565 Y
15.579869 -2.203312 3.098053 Y
17.584402 -1.6093392 3.5642273 Y
21.005007 -0.998525 3.6151295 Y
24.527948 -1.010809 4.2044263 Y
28.410465 -0.94559985 5.328537 Y
31.363682 -0.46366167 6.3663235 Y
33.845276 0.16042675 7.237603 Y
36.563957 0.004429313 7.523037 Y
39.376007 -0.8443802 7.0607705 Y
42.301083 -2.30481 6.727803 Y
44.378235 -3.1670623 6.541043 Y
45.595303 -3.1941144 6.4931383 Y
47.343185 -2.53922 6.27857 Y
48.469456 -1.8845202 6.5785327 Y
49.75142 -1.2261363 6.7743945 Y
51.210594 -0.512508 6.3746557 Y
52.472664 0.15329437 6.016918 Y
53.98892 0.5631262 5.888502 Y
55.209644 0.39579234 5.6517954 Y
56.324802 -0.17058703 5.2523737 Y
57.817036 -0.96848303 5.135354 Y
58.82912 -0.9322493 5.3119006 Y
59.165726 -1.6330175 5.055675 Y
59.053837 -1.5673432 5.0595737 Y
57.785583 -1.9238929 5.022433 Y
55.97843 -2.4478729 4.7459545 Y
55.045662 -2.8177452 4.506258 Y
53.969353 -2.9373732 4.516088 Y
53.60567 -3.2040129 4.498603 Y
52.930523 -3.2187934 4.5059605 Y
52.256958 -2.9163415 4.892678 Y
51.250492 -2.603171 5.4846334 Y
50.031265 -2.5466008 5.6450005 Y
48.709507 -2.921771 5.540034 Y
46.8188 -3.2356174 5.823236 Y
44.75908 -3.6553848 6.1226354 Y
41.950092 -3.5678158 6.3022265 Y
37.487007 -2.4904082 5.7831306 Y
33.743546 -1.438801 4.9753857 Y
29.213467 -1.2897285 3.7285311 Y
25.283836 -1.3985023 2.6182737 Y
21.2069 -1.9665732 1.697669 Y
17.860113 -2.5097682 1.3313997 Y
15.199264 -3.1840944 0.9839942 Y
12.75143 -3.5907216 0.7294169 Y
11.273371 -4.0043955 0.46459505 Y
9.097579 -3.6699953 0.5478829 Y
7.0973644 -3.115458 0.6389388 Y
3.8513916 -2.7542887 0.57998514 Y
1.2279997 -2.7133656 0.8077338 Y
-0.53340566 -2.535716 0.90956336 Y
-2.1646311 -2.291433 0.8271784 Y
-3.3483925 -1.6147876 0.61389905 Y
-4.804459 -0.8871112 0.52999955 Y
-5.9048004 -1.2129095 0.65532243 Y
-6.915124 -1.479689 1.0067204 Y
-7.889696 -1.844836 1.4763416 Y
-8.473933 -1.9116418 1.7622724 Y
-8.790145 -2.0246506 1.8884705 N
-8.723794 -2.0176344 1.8726755 N
-8.8880005 -2.0180547 1.9999943 N
-8.859572 -2.4328177 2.0261946 N
-8.973584 -2.5309532 2.0501413 N
-8.892999 -2.44713 1.9322197 N
-8.80653 -2.407359 1.9349056 N
-8.69501 -2.2800896 1.9624784 N
-8.757737 -1.8918871 1.932721 N
-8.887138 -1.5062317 1.9322647 N
-8.8835535 -1.2573761 1.8605553 N
-8.5760145 -1.2028977 1.8500804 N
-8.145684 -0.85324943 1.6864872 N
-7.6308856 -0.42898452 1.4674222 N
-7.3022995 -0.13747175 1.2023584 N
-6.8112793 -0.061153095 1.0973921 N
-6.36104 -0.24802539 1.0602623 N
-5.9979734 -0.10943241 0.8937272 N
-5.7971034 -0.2853631 0.7774394 N
-5.847782 -0.14045 0.68463206 N
-5.8854733 -0.1632385 0.7678308 N
-5.8779373 -0.28187227 0.6015857 N
-5.8239098 -0.36821067 0.46026424 N
-5.8173084 -0.27778473 0.4311041 N
-5.717372 -0.19697088 0.41459364 N
-5.6414742 -0.33261853 0.36698675 N
-5.300996 -0.5870662 0.34665447 N
-5.337487 -0.6402853 0.3663446 N
-5.2183914 -0.7958088 0.4397261 N
-5.3999133 -0.49574766 0.5145336 N
-5.3707886 -0.6929614 0.5847422 N
-5.1344604 -0.7246524 0.7310666 Y
-4.965361 -1.0189703 0.58787537 Y
-4.7976146 -1.1123896 0.52401227 Y
-4.74751 -1.1345788 0.4462155 Y
-4.7113914 -1.0887189 0.5270624 Y
-4.8160696 -1.1840905 0.5719153 Y
-4.828183 -1.155914 0.68610716 Y
-4.956475 -0.69962853 0.7501547 Y
-5.3403053 0.009605509 0.77893865 Y
-5.615116 0.4992286 0.69109964 Y
-5.610002 0.6222304 0.7369244 Y
-5.577759 0.6559775 0.7370283 Y
-4.88605 -0.3174063 0.8077342 Y
-4.3183894 -0.87159497 0.8961279 Y
-3.7231112 -1.8229216 1.1163435 Y
-3.2190273 -2.437466 1.1348759 Y
-3.0295475 -2.1560936 1.0580492 Y
-3.0891292 -1.3057545 0.83560044 Y
-2.8105783 -1.0235788 0.073135145 Y
-2.397674 -0.4292399 -0.5848045 Y
-0.76243764 -0.59816474 -0.6898066 Y
1.617102 -0.9618434 -0.6073292 Y
3.5121646 -1.1552876 -0.41362748 Y
3.2614155 -2.0573838 -0.33357242 Y
0.37663132 -2.7331595 -0.8800768 Y
-6.2535453 -1.660019 -1.0625018 Y
-12.478264 -1.5149785 -1.239528 Y
-17.961174 -1.6822172 -1.4043257 Y
-23.279884 -2.0198085 -1.6681443 Y
-28.054855 -2.6049125 -1.4936873 Y
-32.831978 -2.4434328 -1.0967455 Y
-36.381966 -1.7868057 -0.78354645 Y
-39.647144 -2.7779958 -0.23519367 Y
-42.550858 -4.1900554 0.27647483 Y
-45.0278 -5.2313795 0.45091534 Y
-48.045345 -6.0462527 0.4259418 Y
-50.585445 -7.562608 0.98025686 Y
-52.15342 -8.574742 1.7124707 Y
-53.120327 -8.935936 1.6815004 Y
-54.559895 -8.577572 1.452799 Y
-55.407425 -9.746395 2.3110077 Y
-56.385693 -12.029756 4.366063 Y
-56.730152 -14.200591 5.474072 Y
-56.27057 -15.187544 6.008475 Y
-55.7609 -15.85378 6.2877836 Y
-54.509468 -16.38142 6.025573 Y
-52.911606 -16.752626 6.2117767 Y
-50.371307 -16.700195 6.5621567 Y
-47.469425 -15.38753 6.0617046 Y
-44.330208 -13.509927 4.614245 Y
-41.150536 -11.959748 3.6958518 Y
-38.308826 -10.912381 3.2151268 Y
-34.172543 -10.002947 2.5124307 Y
-30.165974 -9.181839 2.0425298 Y
-26.384342 -7.8810916 1.9392884 Y
-23.472271 -6.7662425 2.1714861 Y
-20.643143 -5.4547944 1.675097 Y
-17.4669 -3.8292348 1.1354285 Y
-14.785554 -2.6481495 0.7295264 Y
-12.166348 -2.0696318 0.1224578 Y
-10.078686 -1.7685899 -0.17968374 Y
-7.990085 -1.5623461 -0.5015931 Y
-5.765543 -1.3701261 -0.5282881 Y
-3.9317293 -1.3340676 -0.4637285 Y
-1.8706238 -1.4768865 -0.7750806 Y
-0.012332627 -1.8683528 -0.7625843 Y
1.2739528 -2.0108948 -0.8833398 Y
2.8845043 -2.1302044 -1.0682487 Y
4.206517 -2.1451669 -0.906211 Y
5.3862257 -2.158844 -0.5248907 Y
6.142755 -2.5320852 -0.28955108 Y
6.6872625 -2.9789622 0.008706723 Y
7.0215044 -3.3557274 -0.0012768 Y
7.45771 -3.5188692 -0.09626929 Y
7.596195 -3.4150398 -0.15601903 Y
7.6769567 -3.3962843 -0.028584924 Y
7.77633 -3.612114 0.13225074 Y
7.5363836 -3.5856094 0.17994034 Y
7.285823 -3.531809 -0.08031239 Y
7.332813 -3.3324852 -0.17725968 Y
7.277427 -3.0825338 -0.15378933 Y
7.231432 -2.7242794 -0.027156401 Y
7.3008366 -2.3194442 -0.043235164 Y
7.1883993 -2.2439346 -0.012068196 Y
7.117353 -2.4006352 -0.01758964 Y
7.3597846 -2.8714623 0.0032718899 Y
7.5978007 -2.5375333 0.26861945 Y
7.453135 -2.6355686 0.30940297 Y
7.55934 -2.6121676 0.12207463 Y
7.9942565 -2.4592183 -0.017480763 Y
8.489022 -3.0646386 -0.16001901 Y
8.890636 -3.5980318 -0.4207783 Y
9.161351 -4.173459 -0.44418302 Y
9.487762 -4.488661 -0.57069534 Y
9.3039255 -4.8923535 -0.63560724 Y
9.519556 -4.9190583 -0.76770085 Y
9.6398 -4.968357 -0.61787975 Y
9.760306 -4.77897 -0.6185988 Y
9.724278 -4.6377 -0.6691062 Y
9.60154 -4.5399256 -0.40161398 Y
9.57727 -4.312897 -0.30331776 Y
9.56952 -4.1751943 -0.019293701 Y
9.523735 -4.207248 0.089571446 Y
9.604819 -4.2090364 0.200489 Y
9.750438 -4.3372498 0.0094519975 Y
10.056822 -4.7496223 -0.20914063 Y
10.150885 -4.7742352 -0.23346843 Y
10.527486 -4.5836277 -0.27205747 Y
11.467203 -4.9238763 -0.23450282 Y
12.249434 -5.2181077 0.07475978 Y
14.114313 -4.6192546 0.34460104 Y
16.836927 -4.395001 0.39904937 Y
19.367117 -4.4715595 0.43087196 Y
23.337044 -4.5371876 0.7932045 Y
27.495543 -3.91724 1.8013182 Y
30.629034 -3.1256232 2.7698238 Y
34.50139 -2.6879141 3.502845 Y
37.82157 -2.2576697 4.482703 Y
40.852142 -2.7521036 4.494473 Y
43.67595 -2.8777401 4.576267 Y
46.02523 -3.3385875 4.9222264 Y
47.95697 -3.4655182 5.3056335 Y
49.99585 -4.1707516 5.0649652 Y
51.610245 -4.6051416 4.837879 Y
52.797497 -4.0299764 4.7653418 Y
53.719967 -3.210109 4.984425 Y
54.66639 -2.324086 5.0773497 Y
56.30298 -1.5102766 4.88249 Y
57.378677 -1.5368848 4.448708 Y
57.65059 -1.293434 4.205536 Y
57.0128 -0.84694743 4.2868686 Y
56.379105 -1.4563128 3.8783393 Y
55.277557 -2.4141388 3.555011 Y
54.26057 -3.0746973 3.4609568 Y
52.435894 -3.7445252 3.7082212 Y
50.88242 -4.48097 3.9859889 Y
49.39597 -4.4336557 4.265137 Y
47.221943 -4.690545 4.08366 Y
45.288975 -4.9497037 3.7647076 Y
43.625492 -5.382315 3.7414482 Y
40.680416 -4.7393527 4.0439777 Y
37.652115 -3.6545064 4.156161 Y
34.55105 -3.0032904 3.756488 Y
31.816751 -2.760389 3.142467 Y
28.556835 -2.588374 2.193985 Y
25.632849 -2.4334295 1.2327366 Y
22.739893 -2.8307917 0.4228086 Y
19.106169 -2.8182316 0.29208326 Y
15.999333 -3.1020477 0.21315293 Y
13.126745 -3.5318792 0.04808996 Y
10.9537 -3.970186 -0.1399675 Y
8.723776 -3.3724654 0.030687585 Y
7.2831926 -2.8055832 0.2347299 Y
5.9832287 -3.1301556 -0.18777856 Y
3.6273086 -3.5336177 -0.4584043 Y
1.2440488 -3.2958922 -0.33239308 Y
-0.8026925 -2.8832948 -0.0053731445 Y
-2.0996225 -2.072822 0.2984765 Y
-2.8253012 -1.706009 0.521085 Y
-3.0169232 -1.5066744 0.6919298 Y
-2.867889 -1.2167083 0.80552894 Y
-2.6875186 -1.5879989 0.8628081 Y
-2.6077008 -1.5510424 0.68937 Y
-2.5514374 -1.5114089 0.65618056 Y
-2.4402237 -1.6894653 0.58674085 Y
-2.5215347 -1.9640441 0.6434666 Y
-2.541885 -1.911983 0.44454467 Y
-2.8385527 -1.4927388 0.4746871 Y
-3.0230925 -1.4485236 0.6091867 Y
-2.8407688 -1.2862915 0.5944691 Y
-2.9361405 -1.2082664 0.631748 Y
-2.9272866 -1.3503097 0.59983 Y
-3.2631967 -1.1188799 0.850641 Y
-3.2168353 -1.3540795 0.8756367 Y
-3.0141647 -1.2673411 0.89358133 Y
-2.8770823 -1.4795202 0.8583384 Y
-2.995146 -1.3715851 0.7613235 Y
-3.127467 -1.2847753 0.7236436 Y
-3.1266272 -1.1424191 0.5698176 Y
-3.3806863 -0.96935105 0.5259121 Y
-3.7367022 -0.74497485 0.5229646 Y
-3.773434 -0.900197 0.51191044 Y
-3.6120152 -1.0017456 0.55861753 Y
-3.7287092 -1.1122999 0.75487095 Y
-4.3980727 -0.6052723 0.94394875 Y
-4.934064 -0.27274242 1.1191292 Y
-5.950222 -0.52373916 1.4829934 Y
-7.31214 -1.0834231 1.7614251 Y
-8.786701 -1.1688432 1.7310287 Y
-11.170556 -1.0510807 1.8004241 Y
-13.663305 -1.6748227 1.7957706 Y
-16.275524 -2.5479085 1.8173565 Y
-20.183859 -4.362732 1.8482205 Y
-24.900684 -5.626912 1.5474265 Y
-31.175713 -5.953699 1.4184479 Y
-36.186573 -7.0905437 1.5215214 Y
-39.566147 -7.903471 1.6289297 Y
-43.436474 -8.256438 1.6294191 Y
-46.59458 -8.765829 1.7733787 Y
-49.950844 -9.439216 1.8373355 Y
-52.416676 -10.308056 2.0852015 Y
-54.32205 -11.684357 3.4008968 Y
-56.02307 -12.404095 3.684582 Y
-56.879177 -13.499294 4.370807 Y
-56.42114 -14.113575 5.030119 Y
-55.631256 -13.58489 5.211031 Y
-54.646 -13.236375 5.237027 Y
-52.549618 -13.3625 5.4623895 Y
-50.64032 -12.947046 5.3873487 Y
-47.432312 -11.024375 4.54347 Y
-44.069443 -8.869076 3.7015707 Y
-40.604958 -6.351503 2.810337 Y
-37.21923 -4.3785295 2.1489391 Y
-32.913143 -4.0657425 1.6895391 Y
-29.346529 -3.7266357 1.5419773 Y
-24.94779 -3.223695 1.2999043 Y
-21.11843 -2.5925024 0.9739807 Y
-17.774261 -2.0158165 0.76746786 Y
-14.392427 -1.5294925 0.46620324 Y
-11.318383 -1.1595356 0.30490887 Y
-8.459347 -1.0729824 -0.00507798 Y
-4.740395 -1.3287528 -0.23288357 Y
-1.5962969 -1.8729295 -0.49889642 Y
1.4761665 -2.2219732 -0.92004204 Y
3.7263095 -2.221687 -1.3360574 Y
4.8591957 -2.4060736 -1.5305489 Y
5.470033 -2.7715228 -1.6131201 Y
5.721545 -3.1852179 -1.8181574 Y
5.875959 -3.4033754 -1.8468578 Y
5.876421 -3.0827599 -1.89218 Y
6.0257177 -2.7218976 -1.8926183 Y
6.18091 -2.525231 -1.9233824 Y
6.2809463 -2.3565407 -1.911717 Y
6.5947294 -2.8677294 -2.0619204 Y
6.815632 -3.4227126 -2.1275363 Y
7.1677227 -3.6990433 -2.0247684 Y
7.651251 -3.6466205 -1.7795215 Y
8.203842 -3.8829772 -1.570099 Y
9.094586 -4.4754634 -1.4958951 Y
9.688982 -4.803365 -1.1390418 Y
10.028232 -4.743974 -0.9638068 Y
10.110301 -4.938863 -1.0281007 Y
10.0865555 -5.0924563 -1.129598 Y
10.062595 -5.31682 -1.2109638 Y
10.029315 -5.396391 -1.2447482 Y
10.557166 -5.419316 -0.7933765 Y
11.172593 -5.0757623 -0.46487746 Y
12.146353 -4.858603 -0.06402576 Y
14.424223 -3.9036689 0.16780968 Y
17.30788 -3.4481838 0.10486034 Y
21.579306 -3.0456643 1.3646208 Y
25.794724 -2.8429508 3.0042686 Y
29.284447 -2.456727 4.4522867 Y
34.46148 -3.0341005 5.4925985 Y
39.273273 -3.510497 6.326854 Y
44.126305 -3.190295 7.2668996 Y
47.888706 -2.5227008 6.9766436 Y
50.661858 -1.7321001 6.5871696 Y
52.82511 -1.2397398 6.245403 Y
55.336437 -1.3460574 6.024855 Y
57.680595 -1.6310376 5.884596 Y
58.70507 -1.8824656 5.5895205 Y
57.98475 -2.0769253 5.3467445 Y
55.2799 -2.905084 5.0920653 Y
52.480415 -3.8677382 5.2304883 Y
49.68337 -4.6766787 5.556258 Y
46.74898 -5.85587 5.576672 Y
41.716984 -6.2320604 5.5968556 Y
36.523266 -5.811264 5.3900833 Y
32.408333 -4.7798185 3.8616729 Y
27.033447 -4.1085286 1.8792537 Y
22.223717 -3.206968 0.7106302 Y
17.907164 -3.3793976 0.22060136 Y
14.458465 -3.743719 -0.106632955 Y
11.938255 -3.7951791 -0.23620237 Y
9.962156 -3.73275 -0.18561764 Y
8.44236 -3.1880302 -0.043097362 Y
6.475365 -2.8008034 0.27190763 Y
4.952933 -2.5426164 0.83129215 Y
4.039554 -2.6020553 1.0163435 Y
3.3762727 -2.898892 1.001375 N
3.1747527 -3.0591927 0.9573267 N
3.1146398 -3.2215743 1.0372838 N
3.013201 -3.1039963 1.010467 N
3.0839615 -2.9609554 0.98918325 N
3.4726994 -3.0754015 0.7425865 N
3.6711736 -2.9904618 0.77144665 N
4.0384207 -2.9271023 0.743137 N
4.474978 -2.6911168 0.9374207 N
5.019402 -2.5838602 1.0106215 Y
5.659582 -2.9622912 1.0006353 Y
6.752499 -3.324831 0.84348637 Y
7.7904096 -4.057708 0.9433305 Y
8.743022 -5.173766 1.426587 Y
9.261199 -5.9561377 1.2624654 Y
10.066955 -6.0434365 1.5503739 Y
10.546631 -5.6422496 1.4072729 Y
10.751672 -4.9626594 1.3895948 Y
11.691915 -4.726869 1.6530669 Y
13.235742 -4.3684196 1.9271314 Y
15.237097 -3.6330514 2.0187624 Y
18.765392 -3.337374 2.244645 Y
22.573778 -2.7945533 2.9839244 Y
27.73515 -1.871488 5.1246495 Y
32.85993 -1.9931387 6.85703 Y
37.095253 -2.244981 8.096998 Y
40.97915 -3.0543706 8.297122 Y
45.198376 -2.5467482 7.8240623 Y
48.872322 -1.2887833 7.631716 Y
52.19484 -1.1725159 7.3048053 Y
54.866234 -0.5756513 7.334825 Y
56.96786 -0.22883388 7.26889 Y
58.49195 -0.25454247 6.7495522 Y
59.251328 0.1262839 6.7172127 Y
58.976704 -0.4087831 7.051948 Y
56.341286 -1.2558011 6.892185 Y
52.700558 -1.738452 7.4744844 Y
49.034233 -2.060044 8.415442 Y
43.81827 -2.7123585 8.698083 Y
38.119217 -2.072351 8.680515 Y
32.378193 -1.4973912 6.9745526 Y
27.554802 -1.4190097 5.0367475 Y
22.400732 -1.996222 2.9919076 Y
17.883053 -2.858309 1.731692 Y
14.4648905 -3.4346294 0.7673274 Y
11.392948 -3.9222898 0.3886929 Y
8.540128 -3.73989 0.030264229 Y
6.036416 -3.6157563 -0.12410891 Y
2.1248152 -2.7019923 0.33770216 Y
-1.0072763 -1.7972649 0.70622027 Y
-3.335316 -1.4837419 1.1691271 Y
-4.5275545 -1.1514852 1.3686601 Y
-4.7567906 -0.8031678 1.5115237 Y
-4.731813 -0.6714376 1.5704058 Y
-4.6869817 -0.6501382 1.4956571 Y
-4.296394 -0.67038226 1.3809823 Y
-4.160886 -0.90733045 1.2518082 Y
-4.0146 -0.990987 1.1998967 Y
-4.1415205 -0.8479933 1.161611 Y
-4.190336 -0.9326574 1.0573102 Y
-4.239967 -0.71328 1.1154418 Y
-3.993122 -0.6324366 1.1770947 Y
-3.8225856 -0.45078567 1.2791044 Y
-3.5999966 -0.53679985 1.334723 Y
-2.9376166 -0.76292574 1.3888687 Y
-2.2974064 -0.910385 1.4089686 Y
-1.9195578 -1.211378 1.3549238 Y
0.62808305 -1.758724 1.0904553 Y
3.6853108 -2.1947036 0.89294237 Y
8.454727 -2.0923636 1.2965428 Y
13.014361 -2.0990937 1.748721 Y
17.315128 -1.940518 2.2381277 Y
22.955156 -1.3826773 3.5058665 Y
28.068193 -0.7585611 4.889745 Y
31.844604 0.00864462 5.820682 Y
36.7191 -0.089210026 6.4036837 Y
40.765488 -0.5109751 6.037404 Y
44.518044 -0.34098732 6.2584443 Y
47.78659 -0.0040207086 6.420625 Y
50.316067 -0.48885944 6.31582 Y
52.46359 -0.48855218 6.139284 Y
54.100063 0.10068636 5.7137256 Y
55.94851 0.829289 5.3829436 Y
57.47064 0.7483735 4.8140078 Y
57.97729 0.8339846 4.6332893 Y
57.79638 0.071305335 3.9761946 Y
56.597435 -0.64923084 3.6711345 Y
54.907276 -1.9570673 4.0807714 Y
51.46502 -3.9421203 4.137841 Y
47.95982 -5.6501117 3.8727107 Y
42.633427 -4.9615974 3.557534 Y
37.906364 -3.5950632 2.7947788 Y
33.066254 -2.4880545 1.5005904 Y
28.514683 -2.4698544 -0.029996503 Y
24.327925 -2.2495284 -1.3616071 Y
19.873524 -2.5179982 -2.105037 Y
16.240797 -3.0697913 -2.4693973 Y
13.413078 -3.379395 -2.722232 Y
11.099062 -3.800712 -2.70827 Y
9.030359 -3.7816002 -2.5525286 Y
6.5719495 -3.179445 -2.068729 Y
4.7367606 -2.6168125 -1.7818853 Y
2.6874022 -2.366267 -1.2307322 Y
1.4890531 -2.070492 -0.91356564 Y
1.2968332 -2.1404288 -0.5688502 Y
1.1134052 -2.157562 -0.33695596 N
0.7620341 -2.3697233 -0.039096277 N
0.71219534 -2.40937 -0.07646509 N
0.62927294 -2.4874122 -0.14587812 N
0.67485213 -2.605912 -0.16259144 N
0.63758475 -2.6184578 -0.14603733 N
0.67317045 -2.7664704 0.09057968 N
0.608916 -2.6151073 0.016205199 N
0.6174103 -2.1680999 0.39284143 N
0.2644166 -1.8870128 0.6059023 N
-0.28702033 -1.4717078 0.81319696 N
-0.7611586 -1.447509 0.7816267 N
-0.946757 -1.8502101 0.5886462 N
-0.942605 -2.1241486 0.51032895 N
-1.0158452 -2.3270402 0.38074172 N
-0.9045705 -2.2377076 0.1970769 N
-0.92152464 -2.4972014 0.09904664 N
